14 19 2 3 4 5 6 7 8 9 10 11 12 13 0 15 16 17 18 1 
14 19 2 3 4 5 6 7 8 9 10 11 12 13 0 15 16 17 18 1 
1 0 2 3 4 5 6 7 8 9 10 11 12 13 14 15 16 17 18 19 
9 8 2 3 4 5 6 7 1 0 10 11 12 13 14 15 16 17 18 19 
19 5 2 3 4 1 6 7 8 9 10 11 12 13 14 15 16 17 18 0 
8 16 2 3 4 5 6 7 0 9 10 11 12 13 14 15 1 17 18 19 
4 9 2 3 0 5 6 7 8 1 10 11 12 13 14 15 16 17 18 19 
17 9 2 3 4 5 6 7 8 1 10 11 12 13 14 15 16 0 18 19 
18 9 2 3 4 5 6 7 8 1 10 11 12 13 14 15 16 17 0 19 
4 19 2 3 0 5 6 7 8 9 10 11 12 13 14 15 16 17 18 1 
10 4 2 3 1 5 6 7 8 9 0 11 12 13 14 15 16 17 18 19 
14 7 2 3 4 5 6 1 8 9 10 11 12 13 0 15 16 17 18 19 
2 9 0 3 4 5 6 7 8 1 10 11 12 13 14 15 16 17 18 19 
5 2 1 3 4 0 6 7 8 9 10 11 12 13 14 15 16 17 18 19 
2 6 0 3 4 5 1 7 8 9 10 11 12 13 14 15 16 17 18 19 
0 17 2 3 4 5 6 7 8 9 10 11 12 13 14 15 16 1 18 19 
1 11 2 3 4 5 6 7 8 9 10 0 12 13 14 15 16 17 18 19 
13 9 2 3 4 5 6 7 8 1 10 11 12 0 14 15 16 17 18 19 
16 3 2 1 4 5 6 7 8 9 10 11 12 13 14 15 0 17 18 19 
8 13 2 3 4 5 6 7 0 9 10 11 12 1 14 15 16 17 18 19 
13 0 2 3 4 5 6 7 8 9 10 11 12 1 14 15 16 17 18 19 
0 8 2 3 4 5 6 7 1 9 10 11 12 13 14 15 16 17 18 19 
16 2 1 3 4 5 6 7 8 9 10 11 12 13 14 15 0 17 18 19 
2 19 0 3 4 5 6 7 8 9 10 11 12 13 14 15 16 17 18 1 
9 2 1 3 4 5 6 7 8 0 10 11 12 13 14 15 16 17 18 19 
19 5 2 3 4 1 6 7 8 9 10 11 12 13 14 15 16 17 18 0 
4 3 2 1 0 5 6 7 8 9 10 11 12 13 14 15 16 17 18 19 
12 9 2 3 4 5 6 7 8 1 10 11 0 13 14 15 16 17 18 19 
13 9 2 3 4 5 6 7 8 1 10 11 12 0 14 15 16 17 18 19 
3 14 2 0 4 5 6 7 8 9 10 11 12 13 1 15 16 17 18 19 
