7 8 10 3 4 5 6 0 1 9 2 11 12 13 14 15 16 17 18 19 
7 13 2 3 4 5 6 0 8 9 10 11 12 1 14 15 16 17 18 19 
14 16 12 3 4 5 6 7 8 9 10 11 2 13 0 15 1 17 18 19 
14 7 3 2 4 5 6 1 8 9 10 11 12 13 0 15 16 17 18 19 
9 8 18 3 4 5 6 7 1 0 10 11 12 13 14 15 16 17 2 19 
19 9 13 3 4 5 6 7 8 1 10 11 12 2 14 15 16 17 18 0 
19 1 11 3 4 5 6 7 8 9 10 2 12 13 14 15 16 17 18 0 
19 2 12 3 4 5 6 7 8 9 10 11 1 13 14 15 16 17 18 0 
19 16 9 3 4 5 6 7 8 2 10 11 12 13 14 15 1 17 18 0 
18 4 13 3 1 5 6 7 8 9 10 11 12 2 14 15 16 17 0 19 
18 9 10 3 4 5 6 7 8 1 2 11 12 13 14 15 16 17 0 19 
18 11 19 3 4 5 6 7 8 9 10 1 12 13 14 15 16 17 0 2 
18 10 4 3 2 5 6 7 8 9 1 11 12 13 14 15 16 17 0 19 
18 19 5 3 4 2 6 7 8 9 10 11 12 13 14 15 16 17 0 1 
5 2 12 3 4 0 6 7 8 9 10 11 1 13 14 15 16 17 18 19 
5 9 18 3 4 0 6 7 8 1 10 11 12 13 14 15 16 17 2 19 
0 13 19 3 4 5 6 7 8 9 10 11 12 1 14 15 16 17 18 2 
0 14 16 3 4 5 6 7 8 9 10 11 12 13 1 15 2 17 18 19 
13 11 17 3 4 5 6 7 8 9 10 1 12 0 14 15 16 2 18 19 
16 17 9 3 4 5 6 7 8 2 10 11 12 13 14 15 0 1 18 19 
16 19 11 3 4 5 6 7 8 9 10 2 12 13 14 15 0 17 18 1 
13 2 17 3 4 5 6 7 8 9 10 11 12 0 14 15 16 1 18 19 
0 6 10 3 4 5 1 7 8 9 2 11 12 13 14 15 16 17 18 19 
0 11 6 3 4 5 2 7 8 9 10 1 12 13 14 15 16 17 18 19 
2 1 4 3 0 5 6 7 8 9 10 11 12 13 14 15 16 17 18 19 
9 19 18 3 4 5 6 7 8 0 10 11 12 13 14 15 16 17 2 1 
19 14 7 3 4 5 6 2 8 9 10 11 12 13 1 15 16 17 18 0 
4 3 8 1 0 5 6 7 2 9 10 11 12 13 14 15 16 17 18 19 
4 19 1 3 0 5 6 7 8 9 10 11 12 13 14 15 16 17 18 2 
13 11 16 3 4 5 6 7 8 9 10 1 12 0 14 15 2 17 18 19 
