-1.41 1.15 
2.35 -2.27 
4.22 2.67 
4.66 3.36 
2.75 -3.48 
-4.9 -4.18 
-2.29 -4.22 
1.77 -4.35 
-1.53 1.79 
0.04 3.53 
2.81 -2.43 
0.63 -0.59 
-3.21 2.1 
-2.16 4.66 
-3.47 -1.28 
1.27 0.04 
-4.04 -2.03 
4.6 0.13 
-2.23 -1.49 
1.65 2.39 
-2.64 -4.35 
-3.87 -0.47 
-3.32 1.46 
-3.29 -0.53 
-1.01 2.91 
-3.38 4.33 
-1.36 -2.58 
1.54 -2.93 
2.22 -3.94 
-0.89 2.13 
-0.72 -2.24 
0.39 4.19 
4.41 -1.67 
-4.33 -0.93 
0.81 3.9 
-1.51 2.38 
1.65 -1.8 
2.02 2.97 
-2.17 1.27 
4.16 -3.56 
-0.87 4.19 
-4.77 1.63 
3.03 -1.02 
0.45 -2.82 
-4.2 -2.75 
-0.26 4.77 
4.7 3.21 
-0.99 1.05 
4.85 -4.28 
-1.43 2.66 
4.84 -0.8 
4.93 -1.86 
3.12 -4.48 
-3.74 3.34 
-2.24 1.33 
-4.4 4.98 
1.29 0.22 
3.2 1.26 
3.27 0.28 
-4.14 3.12 
-3.96 2.46 
-0.52 4.08 
2.43 2.26 
0.12 -2.93 
4.17 0.25 
4.82 -2.59 
-3.69 0.34 
2.71 1.35 
-4.83 -2.49 
-4.38 -0.34 
2.7 2.2 
0.48 0.46 
-2.37 -3.85 
4.73 2.3 
1.3 -1.29 
2.49 1.51 
1.39 -3.16 
3.71 -3.21 
-3.0 0.61 
-2.1 4.9 
4.19 3.8 
2.97 -4.42 
4.55 0.23 
-4.36 -3.32 
-0.27 -0.15 
1.98 -0.49 
1.25 0.59 
3.63 2.59 
-2.87 0.01 
2.41 3.63 
0.56 -0.92 
2.61 2.72 
3.02 4.01 
1.56 -4.27 
-4.79 0.88 
-3.43 0.97 
-4.48 3.82 
-2.19 3.26 
3.86 2.12 
-1.4 -4.72 
0.46 0.51 
-3.56 -1.22 
2.82 3.69 
1.16 -0.1 
3.8 1.14 
-2.17 3.77 
1.84 -4.01 
3.51 0.68 
0.65 -4.01 
4.96 4.56 
-3.52 4.48 
-3.74 -0.34 
-1.4 2.75 
-4.58 -2.92 
-0.31 3.08 
-0.52 -0.59 
2.9 1.34 
-3.73 -3.76 
-4.37 -4.17 
-3.63 4.24 
-0.53 -0.95 
4.21 3.71 
1.41 -0.6 
0.49 -1.46 
-1.53 0.59 
3.96 4.44 
4.06 3.67 
-1.34 2.1 
-0.76 3.8 
1.33 2.12 
-0.86 -3.61 
4.62 0.5 
3.13 -1.14 
-1.45 -2.95 
-3.47 0.4 
-4.54 -2.93 
2.67 -3.89 
-4.21 -3.78 
2.0 1.16 
-3.2 -0.68 
3.62 2.92 
2.59 -2.92 
-3.7 -4.66 
1.95 -2.57 
-2.28 1.61 
-3.22 -4.5 
3.78 -0.34 
-3.23 -4.75 
-1.84 -3.83 
-1.38 4.57 
-0.78 -1.8 
3.78 -2.16 
-4.65 2.49 
-1.87 -1.81 
-0.01 -0.46 
3.08 -0.62 
-0.16 -3.09 
-3.06 0.13 
-3.89 -3.48 
-2.44 2.97 
0.74 1.49 
1.66 2.8 
0.35 -4.96 
-4.65 -1.2 
-4.91 0.38 
1.48 1.55 
4.48 1.44 
-0.93 0.26 
-1.01 0.06 
4.64 -4.47 
3.29 -0.28 
3.33 -3.96 
1.21 1.52 
-1.88 0.53 
0.12 -3.92 
3.55 3.71 
-2.33 1.05 
-2.48 2.28 
1.56 -0.66 
1.98 1.38 
-2.57 -3.51 
4.67 3.61 
3.91 -4.02 
-2.98 0.05 
1.9 -1.75 
3.03 1.24 
4.19 -1.14 
-0.14 -0.84 
0.8 3.68 
1.82 -1.67 
4.24 -3.88 
-3.82 -4.76 
-3.03 -4.46 
3.37 -1.89 
3.67 -3.3 
-1.4 0.38 
4.85 1.39 
-1.14 -1.88 
0.23 -3.64 
-0.5 -3.16 
