7.00000
20.00000
1239.64244
13.00000
10.00000
1239.64244
19.00000
27.00000
1239.64244
25.00000
27.00000
1239.64244
31.00000
80.00000
1239.64244
37.00000
84.00000
1239.64244
43.00000
84.00000
1239.64244
49.00000
84.00000
1239.64244
55.00000
84.00000
1239.64244
61.00000
84.00000
1239.64244
67.00000
30.00000
1239.64244
73.00000
30.00000
1239.64244
79.00000
74.00000
1239.64244
85.00000
46.00000
1239.64244
91.00000
14.00000
1239.64244
97.00000
14.00000
1239.64244
103.00000
14.00000
1239.64244
109.00000
14.00000
1239.64244
115.00000
14.00000
1239.64244
121.00000
14.00000
1239.64244
127.00000
14.00000
1239.64244
133.00000
14.00000
1239.64244
139.00000
12.00000
1239.64244
145.00000
12.00000
1239.64244
151.00000
82.00000
1239.64244
157.00000
5.00000
1239.64244
163.00000
5.00000
1239.64244
169.00000
5.00000
1239.64244
175.00000
5.00000
1239.64244
181.00000
5.00000
1239.64244
187.00000
50.00000
1239.64244
193.00000
50.00000
1239.64244
199.00000
50.00000
1239.64244
205.00000
50.00000
1239.64244
211.00000
54.00000
1239.64244
217.00000
54.00000
1239.64244
223.00000
68.00000
1239.64244
229.00000
68.00000
1239.64244
235.00000
68.00000
1239.64244
241.00000
68.00000
1239.64244
247.00000
68.00000
1239.64244
253.00000
68.00000
1239.64244
259.00000
68.00000
1239.64244
265.00000
68.00000
1239.64244
271.00000
68.00000
1239.64244
277.00000
68.00000
1239.64244
283.00000
68.00000
1239.64244
289.00000
68.00000
1239.64244
295.00000
68.00000
1239.64244
301.00000
68.00000
1239.64244
307.00000
68.00000
1239.64244
313.00000
68.00000
1239.64244
319.00000
68.00000
1239.64244
325.00000
77.00000
1239.64244
331.00000
77.00000
1239.64244
337.00000
77.00000
1239.64244
343.00000
77.00000
1239.64244
349.00000
23.00000
1239.64244
355.00000
23.00000
1239.64244
361.00000
23.00000
1239.64244
367.00000
23.00000
1239.64244
373.00000
12.00000
1239.64244
379.00000
46.00000
1239.64244
385.00000
7.00000
1239.64244
391.00000
7.00000
1239.64244
397.00000
7.00000
1239.64244
403.00000
7.00000
1239.64244
409.00000
7.00000
1239.64244
415.00000
7.00000
1239.64244
421.00000
61.00000
1239.64244
427.00000
61.00000
1239.64244
433.00000
61.00000
1239.64244
439.00000
47.00000
1239.64244
445.00000
47.00000
1239.64244
451.00000
45.00000
1239.64244
457.00000
19.00000
1239.64244
463.00000
19.00000
1239.64244
469.00000
0.00000
1239.64244
475.00000
0.00000
1239.64244
481.00000
12.00000
1239.64244
487.00000
12.00000
1239.64244
493.00000
12.00000
1239.64244
499.00000
12.00000
1239.64244
505.00000
92.00000
1239.64244
511.00000
92.00000
1239.64244
517.00000
92.00000
1239.64244
523.00000
92.00000
1239.64244
529.00000
92.00000
1239.64244
535.00000
64.00000
1239.64244
541.00000
64.00000
1239.64244
547.00000
64.00000
1239.64244
553.00000
64.00000
1239.64244
559.00000
64.00000
1239.64244
565.00000
36.00000
1239.64244
571.00000
36.00000
1239.64244
577.00000
36.00000
1239.64244
583.00000
36.00000
1239.64244
589.00000
36.00000
1239.64244
595.00000
39.00000
1239.64244
601.00000
2.00000
1239.64244
607.00000
2.00000
1239.64244
613.00000
2.00000
1239.64244
619.00000
63.00000
1239.64244
625.00000
63.00000
1239.64244
631.00000
30.00000
1239.64244
637.00000
52.00000
1239.64244
643.00000
94.00000
1239.64244
649.00000
94.00000
1239.64244
655.00000
94.00000
1239.64244
661.00000
71.00000
1239.64244
667.00000
71.00000
1239.64244
673.00000
71.00000
1239.64244
679.00000
10.00000
1239.64244
685.00000
10.00000
1239.64244
691.00000
10.00000
1239.64244
697.00000
90.00000
1239.64244
703.00000
90.00000
1239.64244
709.00000
27.00000
1239.64244
715.00000
39.00000
1239.64244
721.00000
33.00000
1239.64244
727.00000
33.00000
1239.64244
733.00000
33.00000
1239.64244
739.00000
33.00000
1239.64244
745.00000
8.00000
1239.64244
751.00000
46.00000
1239.64244
757.00000
46.00000
1239.64244
763.00000
47.00000
1239.64244
769.00000
47.00000
1239.64244
775.00000
47.00000
1239.64244
781.00000
47.00000
1239.64244
787.00000
41.00000
1239.64244
793.00000
41.00000
1239.64244
799.00000
92.00000
1239.64244
805.00000
92.00000
1239.64244
811.00000
92.00000
1239.64244
817.00000
92.00000
1239.64244
823.00000
92.00000
1239.64244
829.00000
6.00000
1239.64244
835.00000
59.00000
1239.64244
841.00000
59.00000
1239.64244
847.00000
59.00000
1239.64244
853.00000
59.00000
1239.64244
859.00000
78.00000
1239.64244
865.00000
76.00000
1239.64244
871.00000
76.00000
1239.64244
877.00000
42.00000
1239.64244
883.00000
97.00000
1239.64244
889.00000
91.00000
1239.64244
895.00000
91.00000
1239.64244
901.00000
91.00000
1239.64244
907.00000
91.00000
1239.64244
913.00000
91.00000
1239.64244
919.00000
94.00000
1239.64244
925.00000
94.00000
1239.64244
931.00000
94.00000
1239.64244
937.00000
94.00000
1239.64244
943.00000
0.00000
1239.64244
949.00000
50.00000
1239.64244
955.00000
94.00000
1239.64244
961.00000
94.00000
1239.64244
967.00000
74.00000
1239.64244
973.00000
74.00000
1239.64244
979.00000
74.00000
1239.64244
985.00000
41.00000
1239.64244
991.00000
99.00000
1239.64244
997.00000
93.00000
1239.64244
1003.00000
93.00000
1239.64244
1009.00000
93.00000
1239.64244
1015.00000
26.00000
1239.64244
1021.00000
19.00000
1239.64244
1027.00000
19.00000
1239.64244
1033.00000
54.00000
1239.64244
1039.00000
5.00000
1239.64244
1045.00000
30.00000
1239.64244
1051.00000
30.00000
1239.64244
1057.00000
30.00000
1239.64244
1063.00000
94.00000
1239.64244
1069.00000
80.00000
1239.64244
1075.00000
80.00000
1239.64244
1081.00000
85.00000
1239.64244
1087.00000
4.00000
1239.64244
1093.00000
4.00000
1239.64244
1099.00000
59.00000
1239.64244
1105.00000
59.00000
1239.64244
1111.00000
59.00000
1239.64244
1117.00000
59.00000
1239.64244
1123.00000
99.00000
1239.64244
1129.00000
34.00000
1239.64244
1135.00000
96.00000
1239.64244
1141.00000
96.00000
1239.64244
1147.00000
28.00000
1239.64244
1153.00000
10.00000
1239.64244
1159.00000
7.00000
1239.64244
1165.00000
40.00000
1239.64244
1171.00000
23.00000
1239.64244
1177.00000
1.00000
1239.64244
1183.00000
1.00000
1239.64244
1189.00000
55.00000
1239.64244
1195.00000
55.00000
1239.64244
1201.00000
37.00000
1239.64244
1207.00000
83.00000
1239.64244
1213.00000
83.00000
1239.64244
1219.00000
58.00000
1239.64244
1225.00000
85.00000
1239.64244
1231.00000
35.00000
1239.64244
1237.00000
87.00000
1239.64244
1243.00000
87.00000
1239.64244
1249.00000
32.00000
1239.64244
1255.00000
32.00000
1239.64244
1261.00000
32.00000
1239.64244
1267.00000
43.00000
1239.64244
1273.00000
18.00000
1239.64244
1279.00000
86.00000
1239.64244
1285.00000
33.00000
1239.64244
1291.00000
90.00000
1239.64244
1297.00000
74.00000
1239.64244
1303.00000
74.00000
1239.64244
1309.00000
61.00000
1239.64244
1315.00000
61.00000
1239.64244
1321.00000
61.00000
1239.64244
1327.00000
59.00000
1239.64244
1333.00000
59.00000
1239.64244
1339.00000
59.00000
1239.64244
1345.00000
71.00000
1239.64244
1351.00000
71.00000
1239.64244
1357.00000
59.00000
1239.64244
1363.00000
66.00000
1239.64244
1369.00000
88.00000
1239.64244
1375.00000
88.00000
1239.64244
1381.00000
88.00000
1239.64244
1387.00000
88.00000
1239.64244
1393.00000
77.00000
1239.64244
1399.00000
94.00000
1239.64244
1405.00000
85.00000
1239.64244
1411.00000
99.00000
1239.64244
1417.00000
75.00000
1239.64244
1423.00000
48.00000
1239.64244
1429.00000
1.00000
1239.64244
1435.00000
1.00000
1239.64244
1441.00000
29.00000
1239.64244
1447.00000
1.00000
1239.64244
1453.00000
75.00000
1239.64244
1459.00000
73.00000
1239.64244
1465.00000
13.00000
1239.64244
1471.00000
61.00000
1239.64244
1477.00000
85.00000
1239.64244
1483.00000
85.00000
1239.64244
1489.00000
70.00000
1239.64244
1495.00000
64.00000
1239.64244
1501.00000
60.00000
1239.64244
1507.00000
60.00000
1239.64244
1513.00000
51.00000
1239.64244
1519.00000
51.00000
1239.64244
1525.00000
23.00000
1239.64244
1531.00000
9.00000
1239.64244
1537.00000
9.00000
1239.64244
1543.00000
62.00000
1239.64244
1549.00000
62.00000
1239.64244
1555.00000
62.00000
1239.64244
1561.00000
40.00000
1239.64244
1567.00000
40.00000
1239.64244
1573.00000
54.00000
1239.64244
1579.00000
10.00000
1239.64244
1585.00000
8.00000
1239.64244
1591.00000
51.00000
1239.64244
1597.00000
61.00000
1239.64244
1603.00000
21.00000
1239.64244
1609.00000
53.00000
1239.64244
1615.00000
97.00000
1239.64244
1621.00000
30.00000
1239.64244
1627.00000
30.00000
1239.64244
1633.00000
30.00000
1239.64244
1639.00000
30.00000
1239.64244
1645.00000
30.00000
1239.64244
1651.00000
95.00000
1239.64244
1657.00000
77.00000
1239.64244
1663.00000
42.00000
1239.64244
1669.00000
79.00000
1239.64244
1675.00000
68.00000
1239.64244
1681.00000
1.00000
1239.64244
1687.00000
1.00000
1239.64244
1693.00000
61.00000
1239.64244
1699.00000
27.00000
1239.64244
1705.00000
47.00000
1239.64244
1711.00000
47.00000
1239.64244
1717.00000
47.00000
1239.64244
1723.00000
94.00000
1239.64244
1729.00000
10.00000
1239.64244
1735.00000
88.00000
1239.64244
1741.00000
5.00000
1239.64244
1747.00000
5.00000
1239.64244
1753.00000
5.00000
1239.64244
1759.00000
5.00000
1239.64244
1765.00000
67.00000
1239.64244
1771.00000
77.00000
1239.64244
1777.00000
77.00000
1239.64244
1783.00000
9.00000
1239.64244
1789.00000
19.00000
1239.64244
1795.00000
47.00000
1239.64244
1801.00000
81.00000
1239.64244
1807.00000
88.00000
1239.64244
1813.00000
94.00000
1239.64244
1819.00000
44.00000
1239.64244
1825.00000
71.00000
1239.64244
1831.00000
71.00000
1239.64244
1837.00000
71.00000
1239.64244
1843.00000
71.00000
1239.64244
1849.00000
22.00000
1239.64244
1855.00000
22.00000
1239.64244
1861.00000
88.00000
1239.64244
1867.00000
58.00000
1239.64244
1873.00000
58.00000
1239.64244
1879.00000
58.00000
1239.64244
1885.00000
93.00000
1239.64244
1891.00000
61.00000
1239.64244
1897.00000
85.00000
1239.64244
1903.00000
85.00000
1239.64244
1909.00000
25.00000
1239.64244
1915.00000
25.00000
1239.64244
1921.00000
98.00000
1239.64244
1927.00000
15.00000
1239.64244
1933.00000
84.00000
1239.64244
1939.00000
77.00000
1239.64244
1945.00000
70.00000
1239.64244
1951.00000
55.00000
1239.64244
1957.00000
48.00000
1239.64244
1963.00000
44.00000
1239.64244
1969.00000
65.00000
1239.64244
1975.00000
0.00000
1239.64244
1981.00000
17.00000
1239.64244
1987.00000
25.00000
1239.64244
1993.00000
32.00000
1239.64244
1999.00000
32.00000
1239.64244
2005.00000
97.00000
1239.64244
2011.00000
21.00000
1239.64244
2017.00000
16.00000
1239.64244
2023.00000
86.00000
1239.64244
2029.00000
86.00000
1239.64244
2035.00000
39.00000
1239.64244
2041.00000
85.00000
1239.64244
2047.00000
21.00000
1239.64244
2053.00000
65.00000
1239.64244
2059.00000
65.00000
1239.64244
2065.00000
61.00000
1239.64244
2071.00000
61.00000
1239.64244
2077.00000
88.00000
1239.64244
2083.00000
88.00000
1239.64244
2089.00000
89.00000
1239.64244
2095.00000
49.00000
1239.64244
2101.00000
49.00000
1239.64244
2107.00000
49.00000
1239.64244
2113.00000
66.00000
1239.64244
2119.00000
66.00000
1239.64244
2125.00000
21.00000
1239.64244
2131.00000
21.00000
1239.64244
2137.00000
7.00000
1239.64244
2143.00000
7.00000
1239.64244
2149.00000
89.00000
1239.64244
2155.00000
53.00000
1239.64244
2161.00000
53.00000
1239.64244
2167.00000
83.00000
1239.64244
2173.00000
6.00000
1239.64244
2179.00000
6.00000
1239.64244
2185.00000
30.00000
1239.64244
2191.00000
28.00000
1239.64244
2197.00000
42.00000
1239.64244
2203.00000
1.00000
1239.64244
2209.00000
32.00000
1239.64244
2215.00000
9.00000
1239.64244
2221.00000
35.00000
1239.64244
2227.00000
54.00000
1239.64244
2233.00000
54.00000
1239.64244
2239.00000
83.00000
1239.64244
2245.00000
59.00000
1239.64244
2251.00000
73.00000
1239.64244
2257.00000
73.00000
1239.64244
2263.00000
35.00000
1239.64244
2269.00000
66.00000
1239.64244
2275.00000
13.00000
1239.64244
2281.00000
64.00000
1239.64244
2287.00000
18.00000
1239.64244
2293.00000
75.00000
1239.64244
2299.00000
42.00000
1239.64244
2305.00000
89.00000
1239.64244
2311.00000
74.00000
1239.64244
2317.00000
42.00000
1239.64244
2323.00000
98.00000
1239.64244
2329.00000
18.00000
1239.64244
2335.00000
42.00000
1239.64244
2341.00000
66.00000
1239.64244
2347.00000
31.00000
1239.64244
2353.00000
50.00000
1239.64244
2359.00000
95.00000
1239.64244
2365.00000
54.00000
1239.64244
2371.00000
55.00000
1239.64244
2377.00000
55.00000
1239.64244
2383.00000
27.00000
1239.64244
2389.00000
24.00000
1239.64244
2395.00000
38.00000
1239.64244
2401.00000
40.00000
1239.64244
2407.00000
40.00000
1239.64244
2413.00000
40.00000
1239.64244
2419.00000
40.00000
1239.64244
2425.00000
40.00000
1239.64244
2431.00000
54.00000
1239.64244
2437.00000
6.00000
1239.64244
2443.00000
19.00000
1239.64244
2449.00000
80.00000
1239.64244
2455.00000
80.00000
1239.64244
2461.00000
80.00000
1239.64244
2467.00000
80.00000
1239.64244
2473.00000
0.00000
1239.64244
2479.00000
50.00000
1239.64244
2485.00000
30.00000
1239.64244
2491.00000
30.00000
1239.64244
2497.00000
30.00000
1239.64244
2503.00000
3.00000
1239.64244
2509.00000
3.00000
1239.64244
2515.00000
26.00000
1239.64244
2521.00000
26.00000
1239.64244
2527.00000
36.00000
1239.64244
2533.00000
36.00000
1239.64244
2539.00000
74.00000
1239.64244
2545.00000
84.00000
1239.64244
2551.00000
84.00000
1239.64244
2557.00000
13.00000
1239.64244
2563.00000
83.00000
1239.64244
2569.00000
83.00000
1239.64244
2575.00000
27.00000
1239.64244
2581.00000
27.00000
1239.64244
2587.00000
18.00000
1239.64244
2593.00000
92.00000
1239.64244
2599.00000
79.00000
1239.64244
2605.00000
85.00000
1239.64244
2611.00000
37.00000
1239.64244
2617.00000
59.00000
1239.64244
2623.00000
33.00000
1239.64244
2629.00000
90.00000
1239.64244
2635.00000
90.00000
1239.64244
2641.00000
62.00000
1239.64244
2647.00000
17.00000
1239.64244
2653.00000
17.00000
1239.64244
2659.00000
19.00000
1239.64244
2665.00000
53.00000
1239.64244
2671.00000
70.00000
1239.64244
2677.00000
15.00000
1239.64244
2683.00000
73.00000
1239.64244
2689.00000
73.00000
1239.64244
2695.00000
73.00000
1239.64244
2701.00000
25.00000
1239.64244
2707.00000
22.00000
1239.64244
2713.00000
72.00000
1239.64244
2719.00000
72.00000
1239.64244
2725.00000
89.00000
1239.64244
2731.00000
89.00000
1239.64244
2737.00000
25.00000
1239.64244
2743.00000
25.00000
1239.64244
2749.00000
25.00000
1239.64244
2755.00000
99.00000
1239.64244
2761.00000
99.00000
1239.64244
2767.00000
99.00000
1239.64244
2773.00000
30.00000
1239.64244
2779.00000
30.00000
1239.64244
2785.00000
30.00000
1239.64244
2791.00000
30.00000
1239.64244
2797.00000
26.00000
1239.64244
2803.00000
64.00000
1239.64244
2809.00000
64.00000
1239.64244
2815.00000
11.00000
1239.64244
2821.00000
89.00000
1239.64244
2827.00000
5.00000
1239.64244
2833.00000
27.00000
1239.64244
2839.00000
27.00000
1239.64244
2845.00000
27.00000
1239.64244
2851.00000
27.00000
1239.64244
2857.00000
79.00000
1239.64244
2863.00000
45.00000
1239.64244
2869.00000
45.00000
1239.64244
2875.00000
57.00000
1239.64244
2881.00000
13.00000
1239.64244
2887.00000
77.00000
1239.64244
2893.00000
34.00000
1239.64244
2899.00000
99.00000
1239.64244
2905.00000
78.00000
1239.64244
2911.00000
78.00000
1239.64244
2917.00000
30.00000
1239.64244
2923.00000
9.00000
1239.64244
2929.00000
9.00000
1239.64244
2935.00000
63.00000
1239.64244
2941.00000
14.00000
1239.64244
2947.00000
57.00000
1239.64244
2953.00000
13.00000
1239.64244
2959.00000
27.00000
1239.64244
2965.00000
64.00000
1239.64244
2971.00000
12.00000
1239.64244
2977.00000
12.00000
1239.64244
2983.00000
46.00000
1239.64244
2989.00000
46.00000
1239.64244
2995.00000
46.00000
1239.64244
3001.00000
28.00000
1239.64244
3007.00000
50.00000
1239.64244
3013.00000
1.00000
1239.64244
3019.00000
24.00000
1239.64244
3025.00000
36.00000
1239.64244
3031.00000
85.00000
1239.64244
3037.00000
85.00000
1239.64244
3043.00000
72.00000
1239.64244
3049.00000
72.00000
1239.64244
3055.00000
18.00000
1239.64244
3061.00000
18.00000
1239.64244
3067.00000
85.00000
1239.64244
3073.00000
94.00000
1239.64244
3079.00000
8.00000
1239.64244
3085.00000
39.00000
1239.64244
3091.00000
79.00000
1239.64244
3097.00000
79.00000
1239.64244
3103.00000
60.00000
1239.64244
3109.00000
60.00000
1239.64244
3115.00000
60.00000
1239.64244
3121.00000
60.00000
1239.64244
3127.00000
44.00000
1239.64244
3133.00000
40.00000
1239.64244
3139.00000
1.00000
1239.64244
3145.00000
1.00000
1239.64244
3151.00000
65.00000
1239.64244
3157.00000
98.00000
1239.64244
3163.00000
89.00000
1239.64244
3169.00000
34.00000
1239.64244
3175.00000
34.00000
1239.64244
3181.00000
34.00000
1239.64244
3187.00000
38.00000
1239.64244
3193.00000
38.00000
1239.64244
3199.00000
29.00000
1239.64244
3205.00000
29.00000
1239.64244
3211.00000
66.00000
1239.64244
3217.00000
95.00000
1239.64244
3223.00000
42.00000
1239.64244
3229.00000
36.00000
1239.64244
3235.00000
38.00000
1239.64244
3241.00000
38.00000
1239.64244
3247.00000
68.00000
1239.64244
3253.00000
68.00000
1239.64244
3259.00000
53.00000
1239.64244
3265.00000
37.00000
1239.64244
3271.00000
37.00000
1239.64244
3277.00000
1.00000
1239.64244
3283.00000
18.00000
1239.64244
3289.00000
58.00000
1239.64244
3295.00000
64.00000
1239.64244
3301.00000
13.00000
1239.64244
3307.00000
13.00000
1239.64244
3313.00000
75.00000
1239.64244
3319.00000
31.00000
1239.64244
3325.00000
31.00000
1239.64244
3331.00000
23.00000
1239.64244
3337.00000
11.00000
1239.64244
3343.00000
2.00000
1239.64244
3349.00000
2.00000
1239.64244
3355.00000
2.00000
1239.64244
3361.00000
37.00000
1239.64244
3367.00000
2.00000
1239.64244
3373.00000
97.00000
1239.64244
3379.00000
14.00000
1239.64244
3385.00000
14.00000
1239.64244
3391.00000
87.00000
1239.64244
3397.00000
76.00000
1239.64244
3403.00000
48.00000
1239.64244
3409.00000
48.00000
1239.64244
3415.00000
95.00000
1239.64244
3421.00000
27.00000
1239.64244
3427.00000
27.00000
1239.64244
3433.00000
17.00000
1239.64244
3439.00000
58.00000
1239.64244
3445.00000
94.00000
1239.64244
3451.00000
3.00000
1239.64244
3457.00000
75.00000
1239.64244
3463.00000
75.00000
1239.64244
3469.00000
8.00000
1239.64244
3475.00000
98.00000
1239.64244
3481.00000
98.00000
1239.64244
3487.00000
95.00000
1239.64244
3493.00000
57.00000
1239.64244
3499.00000
73.00000
1239.64244
3505.00000
7.00000
1239.64244
3511.00000
57.00000
1239.64244
3517.00000
57.00000
1239.64244
3523.00000
66.00000
1239.64244
3529.00000
24.00000
1239.64244
3535.00000
38.00000
1239.64244
3541.00000
86.00000
1239.64244
3547.00000
86.00000
1239.64244
3553.00000
2.00000
1239.64244
3559.00000
84.00000
1239.64244
3565.00000
84.00000
1239.64244
3571.00000
41.00000
1239.64244
3577.00000
6.00000
1239.64244
3583.00000
20.00000
1239.64244
3589.00000
65.00000
1239.64244
3595.00000
31.00000
1239.64244
3601.00000
0.00000
1239.64244
3607.00000
75.00000
1239.64244
3613.00000
75.00000
1239.64244
3619.00000
73.00000
1239.64244
3625.00000
73.00000
1239.64244
3631.00000
31.00000
1239.64244
3637.00000
31.00000
1239.64244
3643.00000
13.00000
1239.64244
3649.00000
5.00000
1239.64244
3655.00000
5.00000
1239.64244
3661.00000
79.00000
1239.64244
3667.00000
2.00000
1239.64244
3673.00000
99.00000
1239.64244
3679.00000
3.00000
1239.64244
3685.00000
66.00000
1239.64244
3691.00000
46.00000
1239.64244
3697.00000
46.00000
1239.64244
3703.00000
46.00000
1239.64244
3709.00000
89.00000
1239.64244
3715.00000
1.00000
1239.64244
3721.00000
1.00000
1239.64244
3727.00000
23.00000
1239.64244
3733.00000
80.00000
1239.64244
3739.00000
80.00000
1239.64244
3745.00000
37.00000
1239.64244
3751.00000
32.00000
1239.64244
3757.00000
45.00000
1239.64244
3763.00000
77.00000
1239.64244
3769.00000
34.00000
1239.64244
3775.00000
15.00000
1239.64244
3781.00000
15.00000
1239.64244
3787.00000
15.00000
1239.64244
3793.00000
51.00000
1239.64244
3799.00000
76.00000
1239.64244
3805.00000
76.00000
1239.64244
3811.00000
76.00000
1239.64244
3817.00000
76.00000
1239.64244
3823.00000
76.00000
1239.64244
3829.00000
48.00000
1239.64244
3835.00000
14.00000
1239.64244
3841.00000
14.00000
1239.64244
3847.00000
72.00000
1239.64244
3853.00000
72.00000
1239.64244
3859.00000
97.00000
1239.64244
3865.00000
76.00000
1239.64244
3871.00000
13.00000
1239.64244
3877.00000
11.00000
1239.64244
3883.00000
11.00000
1239.64244
3889.00000
58.00000
1239.64244
3895.00000
19.00000
1239.64244
3901.00000
14.00000
1239.64244
3907.00000
8.00000
1239.64244
3913.00000
88.00000
1239.64244
3919.00000
88.00000
1239.64244
3925.00000
74.00000
1239.64244
3931.00000
11.00000
1239.64244
3937.00000
96.00000
1239.64244
3943.00000
96.00000
1239.64244
3949.00000
96.00000
1239.64244
3955.00000
65.00000
1239.64244
3961.00000
71.00000
1239.64244
3967.00000
71.00000
1239.64244
3973.00000
94.00000
1239.64244
3979.00000
93.00000
1239.64244
3985.00000
80.00000
1239.64244
3991.00000
72.00000
1239.64244
3997.00000
77.00000
1239.64244
4003.00000
95.00000
1239.64244
4009.00000
95.00000
1239.64244
4015.00000
50.00000
1239.64244
4021.00000
50.00000
1239.64244
4027.00000
50.00000
1239.64244
4033.00000
25.00000
1239.64244
4039.00000
38.00000
1239.64244
4045.00000
38.00000
1239.64244
4051.00000
38.00000
1239.64244
4057.00000
48.00000
1239.64244
4063.00000
48.00000
1239.64244
4069.00000
39.00000
1239.64244
4075.00000
39.00000
1239.64244
4081.00000
39.00000
1239.64244
4087.00000
73.00000
1239.64244
4093.00000
47.00000
1239.64244
4099.00000
31.00000
1239.64244
4105.00000
31.00000
1239.64244
4111.00000
31.00000
1239.64244
4117.00000
35.00000
1239.64244
4123.00000
35.00000
1239.64244
4129.00000
75.00000
1239.64244
4135.00000
75.00000
1239.64244
4141.00000
75.00000
1239.64244
4147.00000
75.00000
1239.64244
4153.00000
75.00000
1239.64244
4159.00000
0.00000
1239.64244
4165.00000
24.00000
1239.64244
4171.00000
93.00000
1239.64244
4177.00000
84.00000
1239.64244
4183.00000
22.00000
1239.64244
4189.00000
87.00000
1239.64244
4195.00000
49.00000
1239.64244
4201.00000
94.00000
1239.64244
4207.00000
94.00000
1239.64244
4213.00000
94.00000
1239.64244
4219.00000
94.00000
1239.64244
4225.00000
8.00000
1239.64244
4231.00000
25.00000
1239.64244
4237.00000
25.00000
1239.64244
4243.00000
34.00000
1239.64244
4249.00000
13.00000
1239.64244
4255.00000
19.00000
1239.64244
4261.00000
19.00000
1239.64244
4267.00000
84.00000
1239.64244
4273.00000
55.00000
1239.64244
4279.00000
85.00000
1239.64244
4285.00000
63.00000
1239.64244
4291.00000
63.00000
1239.64244
4297.00000
63.00000
1239.64244
4303.00000
72.00000
1239.64244
4309.00000
45.00000
1239.64244
4315.00000
45.00000
1239.64244
4321.00000
45.00000
1239.64244
4327.00000
82.00000
1239.64244
4333.00000
82.00000
1239.64244
4339.00000
77.00000
1239.64244
4345.00000
77.00000
1239.64244
4351.00000
84.00000
1239.64244
4357.00000
49.00000
1239.64244
4363.00000
23.00000
1239.64244
4369.00000
37.00000
1239.64244
4375.00000
37.00000
1239.64244
4381.00000
74.00000
1239.64244
4387.00000
74.00000
1239.64244
4393.00000
74.00000
1239.64244
4399.00000
74.00000
1239.64244
4405.00000
39.00000
1239.64244
4411.00000
39.00000
1239.64244
4417.00000
78.00000
1239.64244
4423.00000
78.00000
1239.64244
4429.00000
69.00000
1239.64244
4435.00000
69.00000
1239.64244
4441.00000
59.00000
1239.64244
4447.00000
59.00000
1239.64244
4453.00000
67.00000
1239.64244
4459.00000
27.00000
1239.64244
4465.00000
45.00000
1239.64244
4471.00000
97.00000
1239.64244
4477.00000
0.00000
1239.64244
4483.00000
45.00000
1239.64244
4489.00000
68.00000
1239.64244
4495.00000
28.00000
1239.64244
4501.00000
38.00000
1239.64244
4507.00000
95.00000
1239.64244
4513.00000
95.00000
1239.64244
4519.00000
95.00000
1239.64244
4525.00000
72.00000
1239.64244
4531.00000
61.00000
1239.64244
4537.00000
61.00000
1239.64244
4543.00000
19.00000
1239.64244
4549.00000
90.00000
1239.64244
4555.00000
76.00000
1239.64244
4561.00000
12.00000
1239.64244
4567.00000
37.00000
1239.64244
4573.00000
76.00000
1239.64244
4579.00000
38.00000
1239.64244
4585.00000
41.00000
1239.64244
4591.00000
41.00000
1239.64244
4597.00000
90.00000
1239.64244
4603.00000
90.00000
1239.64244
4609.00000
90.00000
1239.64244
4615.00000
90.00000
1239.64244
4621.00000
90.00000
1239.64244
4627.00000
90.00000
1239.64244
4633.00000
33.00000
1239.64244
4639.00000
33.00000
1239.64244
4645.00000
84.00000
1239.64244
4651.00000
3.00000
1239.64244
4657.00000
29.00000
1239.64244
4663.00000
29.00000
1239.64244
4669.00000
40.00000
1239.64244
4675.00000
40.00000
1239.64244
4681.00000
40.00000
1239.64244
4687.00000
27.00000
1239.64244
4693.00000
27.00000
1239.64244
4699.00000
97.00000
1239.64244
4705.00000
50.00000
1239.64244
4711.00000
23.00000
1239.64244
4717.00000
22.00000
1239.64244
4723.00000
62.00000
1239.64244
4729.00000
62.00000
1239.64244
4735.00000
62.00000
1239.64244
4741.00000
18.00000
1239.64244
4747.00000
81.00000
1239.64244
4753.00000
21.00000
1239.64244
4759.00000
37.00000
1239.64244
4765.00000
12.00000
1239.64244
4771.00000
33.00000
1239.64244
4777.00000
98.00000
1239.64244
4783.00000
98.00000
1239.64244
4789.00000
98.00000
1239.64244
4795.00000
98.00000
1239.64244
4801.00000
74.00000
1239.64244
4807.00000
74.00000
1239.64244
4813.00000
16.00000
1239.64244
4819.00000
83.00000
1239.64244
4825.00000
83.00000
1239.64244
4831.00000
2.00000
1239.64244
4837.00000
2.00000
1239.64244
4843.00000
2.00000
1239.64244
4849.00000
2.00000
1239.64244
4855.00000
2.00000
1239.64244
4861.00000
58.00000
1239.64244
4867.00000
82.00000
1239.64244
4873.00000
31.00000
1239.64244
4879.00000
77.00000
1239.64244
4885.00000
77.00000
1239.64244
4891.00000
95.00000
1239.64244
4897.00000
86.00000
1239.64244
4903.00000
19.00000
1239.64244
4909.00000
19.00000
1239.64244
4915.00000
90.00000
1239.64244
4921.00000
41.00000
1239.64244
4927.00000
41.00000
1239.64244
4933.00000
35.00000
1239.64244
4939.00000
75.00000
1239.64244
4945.00000
64.00000
1239.64244
4951.00000
22.00000
1239.64244
4957.00000
22.00000
1239.64244
4963.00000
70.00000
1239.64244
4969.00000
70.00000
1239.64244
4975.00000
26.00000
1239.64244
4981.00000
23.00000
1239.64244
4987.00000
30.00000
1239.64244
4993.00000
84.00000
1239.64244
4999.00000
84.00000
1239.64244
5005.00000
84.00000
1239.64244
5011.00000
56.00000
1239.64244
5017.00000
82.00000
1239.64244
5023.00000
52.00000
1239.64244
5029.00000
91.00000
1239.64244
5035.00000
7.00000
1239.64244
5041.00000
92.00000
1239.64244
5047.00000
4.00000
1239.64244
5053.00000
59.00000
1239.64244
5059.00000
59.00000
1239.64244
5065.00000
59.00000
1239.64244
5071.00000
40.00000
1239.64244
5077.00000
7.00000
1239.64244
5083.00000
47.00000
1239.64244
5089.00000
52.00000
1239.64244
5095.00000
52.00000
1239.64244
5101.00000
52.00000
1239.64244
5107.00000
52.00000
1239.64244
5113.00000
52.00000
1239.64244
5119.00000
52.00000
1239.64244
5125.00000
16.00000
1239.64244
5131.00000
16.00000
1239.64244
5137.00000
59.00000
1239.64244
5143.00000
59.00000
1239.64244
5149.00000
59.00000
1239.64244
5155.00000
6.00000
1239.64244
5161.00000
90.00000
1239.64244
5167.00000
90.00000
1239.64244
5173.00000
90.00000
1239.64244
5179.00000
90.00000
1239.64244
5185.00000
90.00000
1239.64244
5191.00000
76.00000
1239.64244
5197.00000
66.00000
1239.64244
5203.00000
66.00000
1239.64244
5209.00000
17.00000
1239.64244
5215.00000
17.00000
1239.64244
5221.00000
21.00000
1239.64244
5227.00000
91.00000
1239.64244
5233.00000
91.00000
1239.64244
5239.00000
7.00000
1239.64244
5245.00000
7.00000
1239.64244
5251.00000
71.00000
1239.64244
5257.00000
39.00000
1239.64244
5263.00000
33.00000
1239.64244
5269.00000
33.00000
1239.64244
5275.00000
17.00000
1239.64244
5281.00000
17.00000
1239.64244
5287.00000
35.00000
1239.64244
5293.00000
35.00000
1239.64244
5299.00000
64.00000
1239.64244
5305.00000
64.00000
1239.64244
5311.00000
16.00000
1239.64244
5317.00000
42.00000
1239.64244
5323.00000
42.00000
1239.64244
5329.00000
42.00000
1239.64244
5335.00000
45.00000
1239.64244
5341.00000
45.00000
1239.64244
5347.00000
49.00000
1239.64244
5353.00000
30.00000
1239.64244
5359.00000
27.00000
1239.64244
5365.00000
13.00000
1239.64244
5371.00000
25.00000
1239.64244
5377.00000
36.00000
1239.64244
5383.00000
76.00000
1239.64244
5389.00000
80.00000
1239.64244
5395.00000
80.00000
1239.64244
5401.00000
23.00000
1239.64244
5407.00000
81.00000
1239.64244
5413.00000
72.00000
1239.64244
5419.00000
85.00000
1239.64244
5425.00000
34.00000
1239.64244
5431.00000
72.00000
1239.64244
5437.00000
65.00000
1239.64244
5443.00000
65.00000
1239.64244
5449.00000
48.00000
1239.64244
5455.00000
48.00000
1239.64244
5461.00000
61.00000
1239.64244
5467.00000
61.00000
1239.64244
5473.00000
61.00000
1239.64244
5479.00000
61.00000
1239.64244
5485.00000
96.00000
1239.64244
5491.00000
46.00000
1239.64244
5497.00000
95.00000
1239.64244
5503.00000
77.00000
1239.64244
5509.00000
40.00000
1239.64244
5515.00000
14.00000
1239.64244
5521.00000
56.00000
1239.64244
5527.00000
72.00000
1239.64244
5533.00000
73.00000
1239.64244
5539.00000
23.00000
1239.64244
5545.00000
25.00000
1239.64244
5551.00000
32.00000
1239.64244
5557.00000
32.00000
1239.64244
5563.00000
12.00000
1239.64244
5569.00000
97.00000
1239.64244
5575.00000
97.00000
1239.64244
5581.00000
97.00000
1239.64244
5587.00000
46.00000
1239.64244
5593.00000
84.00000
1239.64244
5599.00000
84.00000
1239.64244
5605.00000
7.00000
1239.64244
5611.00000
7.00000
1239.64244
5617.00000
89.00000
1239.64244
5623.00000
81.00000
1239.64244
5629.00000
38.00000
1239.64244
5635.00000
38.00000
1239.64244
5641.00000
68.00000
1239.64244
5647.00000
85.00000
1239.64244
5653.00000
90.00000
1239.64244
5659.00000
90.00000
1239.64244
5665.00000
72.00000
1239.64244
5671.00000
72.00000
1239.64244
5677.00000
70.00000
1239.64244
5683.00000
98.00000
1239.64244
5689.00000
43.00000
1239.64244
5695.00000
43.00000
1239.64244
5701.00000
43.00000
1239.64244
5707.00000
43.00000
1239.64244
5713.00000
17.00000
1239.64244
5719.00000
17.00000
1239.64244
5725.00000
5.00000
1239.64244
5731.00000
80.00000
1239.64244
5737.00000
32.00000
1239.64244
5743.00000
35.00000
1239.64244
5749.00000
9.00000
1239.64244
5755.00000
9.00000
1239.64244
5761.00000
90.00000
1239.64244
5767.00000
12.00000
1239.64244
5773.00000
68.00000
1239.64244
5779.00000
81.00000
1239.64244
5785.00000
81.00000
1239.64244
5791.00000
81.00000
1239.64244
5797.00000
27.00000
1239.64244
5803.00000
71.00000
1239.64244
5809.00000
83.00000
1239.64244
5815.00000
40.00000
1239.64244
5821.00000
35.00000
1239.64244
5827.00000
35.00000
1239.64244
5833.00000
34.00000
1239.64244
5839.00000
34.00000
1239.64244
5845.00000
34.00000
1239.64244
5851.00000
60.00000
1239.64244
5857.00000
96.00000
1239.64244
5863.00000
30.00000
1239.64244
5869.00000
30.00000
1239.64244
5875.00000
30.00000
1239.64244
5881.00000
30.00000
1239.64244
5887.00000
5.00000
1239.64244
5893.00000
5.00000
1239.64244
5899.00000
1.00000
1239.64244
5905.00000
1.00000
1239.64244
5911.00000
22.00000
1239.64244
5917.00000
55.00000
1239.64244
5923.00000
95.00000
1239.64244
5929.00000
95.00000
1239.64244
5935.00000
89.00000
1239.64244
5941.00000
89.00000
1239.64244
5947.00000
24.00000
1239.64244
5953.00000
24.00000
1239.64244
5959.00000
62.00000
1239.64244
5965.00000
16.00000
1239.64244
5971.00000
16.00000
1239.64244
5977.00000
30.00000
1239.64244
5983.00000
25.00000
1239.64244
5989.00000
46.00000
1239.64244
5995.00000
87.00000
1239.64244
6001.00000
25.00000
1239.64244
6007.00000
13.00000
1239.64244
6013.00000
13.00000
1239.64244
6019.00000
6.00000
1239.64244
6025.00000
64.00000
1239.64244
6031.00000
38.00000
1239.64244
6037.00000
5.00000
1239.64244
6043.00000
26.00000
1239.64244
6049.00000
41.00000
1239.64244
6055.00000
41.00000
1239.64244
6061.00000
41.00000
1239.64244
6067.00000
47.00000
1239.64244
6073.00000
47.00000
1239.64244
6079.00000
47.00000
1239.64244
6085.00000
47.00000
1239.64244
6091.00000
47.00000
1239.64244
6097.00000
95.00000
1239.64244
6103.00000
95.00000
1239.64244
6109.00000
95.00000
1239.64244
6115.00000
77.00000
1239.64244
6121.00000
7.00000
1239.64244
6127.00000
75.00000
1239.64244
6133.00000
91.00000
1239.64244
6139.00000
37.00000
1239.64244
6145.00000
99.00000
1239.64244
6151.00000
99.00000
1239.64244
6157.00000
31.00000
1239.64244
6163.00000
31.00000
1239.64244
6169.00000
37.00000
1239.64244
6175.00000
37.00000
1239.64244
6181.00000
81.00000
1239.64244
6187.00000
81.00000
1239.64244
6193.00000
49.00000
1239.64244
6199.00000
49.00000
1239.64244
6205.00000
95.00000
1239.64244
6211.00000
95.00000
1239.64244
6217.00000
94.00000
1239.64244
6223.00000
94.00000
1239.64244
6229.00000
67.00000
1239.64244
6235.00000
67.00000
1239.64244
6241.00000
67.00000
1239.64244
6247.00000
5.00000
1239.64244
6253.00000
33.00000
1239.64244
6259.00000
33.00000
1239.64244
6265.00000
33.00000
1239.64244
6271.00000
79.00000
1239.64244
6277.00000
4.00000
1239.64244
6283.00000
93.00000
1239.64244
6289.00000
93.00000
1239.64244
6295.00000
52.00000
1239.64244
6301.00000
52.00000
1239.64244
6307.00000
52.00000
1239.64244
6313.00000
77.00000
1239.64244
6319.00000
77.00000
1239.64244
6325.00000
16.00000
1239.64244
6331.00000
16.00000
1239.64244
6337.00000
16.00000
1239.64244
6343.00000
16.00000
1239.64244
6349.00000
81.00000
1239.64244
6355.00000
83.00000
1239.64244
6361.00000
83.00000
1239.64244
6367.00000
83.00000
1239.64244
6373.00000
47.00000
1239.64244
6379.00000
47.00000
1239.64244
6385.00000
27.00000
1239.64244
6391.00000
53.00000
1239.64244
6397.00000
52.00000
1239.64244
6403.00000
55.00000
1239.64244
6409.00000
55.00000
1239.64244
6415.00000
55.00000
1239.64244
6421.00000
40.00000
1239.64244
6427.00000
40.00000
1239.64244
6433.00000
1.00000
1239.64244
6439.00000
58.00000
1239.64244
6445.00000
85.00000
1239.64244
6451.00000
85.00000
1239.64244
6457.00000
49.00000
1239.64244
6463.00000
76.00000
1239.64244
6469.00000
76.00000
1239.64244
6475.00000
76.00000
1239.64244
6481.00000
56.00000
1239.64244
6487.00000
56.00000
1239.64244
6493.00000
82.00000
1239.64244
6499.00000
17.00000
1239.64244
6505.00000
94.00000
1239.64244
6511.00000
7.00000
1239.64244
6517.00000
23.00000
1239.64244
6523.00000
66.00000
1239.64244
6529.00000
66.00000
1239.64244
6535.00000
66.00000
1239.64244
6541.00000
66.00000
1239.64244
6547.00000
66.00000
1239.64244
6553.00000
66.00000
1239.64244
6559.00000
69.00000
1239.64244
6565.00000
3.00000
1239.64244
6571.00000
40.00000
1239.64244
6577.00000
13.00000
1239.64244
6583.00000
71.00000
1239.64244
6589.00000
71.00000
1239.64244
6595.00000
71.00000
1239.64244
6601.00000
71.00000
1239.64244
6607.00000
71.00000
1239.64244
6613.00000
71.00000
1239.64244
6619.00000
71.00000
1239.64244
6625.00000
63.00000
1239.64244
6631.00000
26.00000
1239.64244
6637.00000
68.00000
1239.64244
6643.00000
68.00000
1239.64244
6649.00000
62.00000
1239.64244
6655.00000
51.00000
1239.64244
6661.00000
97.00000
1239.64244
6667.00000
97.00000
1239.64244
6673.00000
87.00000
1239.64244
6679.00000
55.00000
1239.64244
6685.00000
55.00000
1239.64244
6691.00000
76.00000
1239.64244
6697.00000
38.00000
1239.64244
6703.00000
11.00000
1239.64244
6709.00000
96.00000
1239.64244
6715.00000
71.00000
1239.64244
6721.00000
15.00000
1239.64244
6727.00000
86.00000
1239.64244
6733.00000
86.00000
1239.64244
6739.00000
76.00000
1239.64244
6745.00000
76.00000
1239.64244
6751.00000
76.00000
1239.64244
6757.00000
96.00000
1239.64244
6763.00000
29.00000
1239.64244
6769.00000
45.00000
1239.64244
6775.00000
45.00000
1239.64244
6781.00000
45.00000
1239.64244
6787.00000
11.00000
1239.64244
6793.00000
95.00000
1239.64244
6799.00000
50.00000
1239.64244
6805.00000
76.00000
1239.64244
6811.00000
40.00000
1239.64244
6817.00000
67.00000
1239.64244
6823.00000
67.00000
1239.64244
6829.00000
67.00000
1239.64244
6835.00000
91.00000
1239.64244
6841.00000
91.00000
1239.64244
6847.00000
93.00000
1239.64244
6853.00000
93.00000
1239.64244
6859.00000
91.00000
1239.64244
6865.00000
91.00000
1239.64244
6871.00000
91.00000
1239.64244
6877.00000
20.00000
1239.64244
6883.00000
23.00000
1239.64244
6889.00000
85.00000
1239.64244
6895.00000
42.00000
1239.64244
6901.00000
42.00000
1239.64244
6907.00000
65.00000
1239.64244
6913.00000
9.00000
1239.64244
6919.00000
95.00000
1239.64244
6925.00000
95.00000
1239.64244
6931.00000
46.00000
1239.64244
6937.00000
78.00000
1239.64244
6943.00000
78.00000
1239.64244
6949.00000
7.00000
1239.64244
6955.00000
73.00000
1239.64244
6961.00000
40.00000
1239.64244
6967.00000
40.00000
1239.64244
6973.00000
16.00000
1239.64244
6979.00000
16.00000
1239.64244
6985.00000
16.00000
1239.64244
6991.00000
63.00000
1239.64244
6997.00000
96.00000
1239.64244
7003.00000
52.00000
1239.64244
7009.00000
29.00000
1239.64244
7015.00000
29.00000
1239.64244
7021.00000
29.00000
1239.64244
7027.00000
82.00000
1239.64244
7033.00000
23.00000
1239.64244
7039.00000
23.00000
1239.64244
7045.00000
23.00000
1239.64244
7051.00000
23.00000
1239.64244
7057.00000
23.00000
1239.64244
7063.00000
26.00000
1239.64244
7069.00000
26.00000
1239.64244
7075.00000
26.00000
1239.64244
7081.00000
26.00000
1239.64244
7087.00000
80.00000
1239.64244
7093.00000
80.00000
1239.64244
7099.00000
80.00000
1239.64244
7105.00000
77.00000
1239.64244
7111.00000
72.00000
1239.64244
7117.00000
72.00000
1239.64244
7123.00000
85.00000
1239.64244
7129.00000
35.00000
1239.64244
7135.00000
35.00000
1239.64244
7141.00000
35.00000
1239.64244
7147.00000
35.00000
1239.64244
7153.00000
35.00000
1239.64244
7159.00000
77.00000
1239.64244
7165.00000
22.00000
1239.64244
7171.00000
72.00000
1239.64244
7177.00000
54.00000
1239.64244
7183.00000
54.00000
1239.64244
7189.00000
39.00000
1239.64244
7195.00000
72.00000
1239.64244
7201.00000
72.00000
1239.64244
7207.00000
72.00000
1239.64244
7213.00000
65.00000
1239.64244
7219.00000
65.00000
1239.64244
7225.00000
65.00000
1239.64244
7231.00000
65.00000
1239.64244
7237.00000
65.00000
1239.64244
7243.00000
32.00000
1239.64244
7249.00000
32.00000
1239.64244
7255.00000
32.00000
1239.64244
7261.00000
32.00000
1239.64244
7267.00000
32.00000
1239.64244
7273.00000
94.00000
1239.64244
7279.00000
38.00000
1239.64244
7285.00000
38.00000
1239.64244
7291.00000
38.00000
1239.64244
7297.00000
42.00000
1239.64244
7303.00000
42.00000
1239.64244
7309.00000
42.00000
1239.64244
7315.00000
42.00000
1239.64244
7321.00000
42.00000
1239.64244
7327.00000
42.00000
1239.64244
7333.00000
42.00000
1239.64244
7339.00000
42.00000
1239.64244
7345.00000
74.00000
1239.64244
7351.00000
99.00000
1239.64244
7357.00000
99.00000
1239.64244
7363.00000
99.00000
1239.64244
7369.00000
4.00000
1239.64244
7375.00000
4.00000
1239.64244
7381.00000
4.00000
1239.64244
7387.00000
11.00000
1239.64244
7393.00000
11.00000
1239.64244
7399.00000
11.00000
1239.64244
7405.00000
11.00000
1239.64244
7411.00000
11.00000
1239.64244
7417.00000
11.00000
1239.64244
7423.00000
11.00000
1239.64244
7429.00000
53.00000
1239.64244
7435.00000
20.00000
1239.64244
7441.00000
73.00000
1239.64244
7447.00000
73.00000
1239.64244
7453.00000
73.00000
1239.64244
7459.00000
73.00000
1239.64244
7465.00000
73.00000
1239.64244
7471.00000
73.00000
1239.64244
7477.00000
73.00000
1239.64244
7483.00000
73.00000
1239.64244
7489.00000
73.00000
1239.64244
7495.00000
73.00000
1239.64244
7501.00000
14.00000
1239.64244
7507.00000
14.00000
1239.64244
7513.00000
75.00000
1239.64244
7519.00000
75.00000
1239.64244
7525.00000
63.00000
1239.64244
7531.00000
38.00000
1239.64244
7537.00000
8.00000
1239.64244
7543.00000
8.00000
1239.64244
7549.00000
8.00000
1239.64244
7555.00000
8.00000
1239.64244
7561.00000
8.00000
1239.64244
7567.00000
6.00000
1239.64244
7573.00000
6.00000
1239.64244
7579.00000
6.00000
1239.64244
7585.00000
6.00000
1239.64244
7591.00000
6.00000
1239.64244
7597.00000
6.00000
1239.64244
7603.00000
6.00000
1239.64244
7609.00000
43.00000
1239.64244
7615.00000
43.00000
1239.64244
7621.00000
43.00000
1239.64244
7627.00000
43.00000
1239.64244
7633.00000
43.00000
1239.64244
7639.00000
43.00000
1239.64244
7645.00000
43.00000
1239.64244
7651.00000
97.00000
1239.64244
7657.00000
43.00000
1239.64244
7663.00000
43.00000
1239.64244
7669.00000
43.00000
1239.64244
7675.00000
9.00000
1239.64244
7681.00000
9.00000
1239.64244
7687.00000
9.00000
1239.64244
7693.00000
9.00000
1239.64244
7699.00000
17.00000
1239.64244
7705.00000
22.00000
1239.64244
7711.00000
80.00000
1239.64244
7717.00000
80.00000
1239.64244
7723.00000
80.00000
1239.64244
7729.00000
80.00000
1239.64244
7735.00000
57.00000
1239.64244
7741.00000
57.00000
1239.64244
7747.00000
57.00000
1239.64244
7753.00000
57.00000
1239.64244
7759.00000
57.00000
1239.64244
7765.00000
57.00000
1239.64244
7771.00000
57.00000
1239.64244
7777.00000
57.00000
1239.64244
7783.00000
57.00000
1239.64244
7789.00000
57.00000
1239.64244
7795.00000
57.00000
1239.64244
7801.00000
57.00000
1239.64244
7807.00000
57.00000
1239.64244
7813.00000
19.00000
1239.64244
7819.00000
19.00000
1239.64244
7825.00000
19.00000
1239.64244
7831.00000
10.00000
1239.64244
7837.00000
10.00000
1239.64244
7843.00000
10.00000
1239.64244
7849.00000
10.00000
1239.64244
7855.00000
10.00000
1239.64244
7861.00000
10.00000
1239.64244
7867.00000
10.00000
1239.64244
7873.00000
90.00000
1239.64244
7879.00000
90.00000
1239.64244
7885.00000
90.00000
1239.64244
7891.00000
90.00000
1239.64244
7897.00000
90.00000
1239.64244
7903.00000
90.00000
1239.64244
7909.00000
90.00000
1239.64244
7915.00000
90.00000
1239.64244
7921.00000
90.00000
1239.64244
7927.00000
90.00000
1239.64244
7933.00000
90.00000
1239.64244
7939.00000
17.00000
1239.64244
7945.00000
17.00000
1239.64244
7951.00000
17.00000
1239.64244
7957.00000
17.00000
1239.64244
7963.00000
17.00000
1239.64244
7969.00000
17.00000
1239.64244
7975.00000
17.00000
1239.64244
7981.00000
17.00000
1239.64244
7987.00000
16.00000
1239.64244
7993.00000
8.00000
1239.64244
7999.00000
8.00000
1239.64244
8005.00000
8.00000
1239.64244
8011.00000
8.00000
1239.64244
8017.00000
8.00000
1239.64244
8023.00000
8.00000
1239.64244
8029.00000
8.00000
1239.64244
8035.00000
8.00000
1239.64244
8041.00000
75.00000
1239.64244
8047.00000
75.00000
1239.64244
8053.00000
75.00000
1239.64244
8059.00000
75.00000
1239.64244
8065.00000
75.00000
1239.64244
8071.00000
75.00000
1239.64244
8077.00000
75.00000
1239.64244
8083.00000
75.00000
1239.64244
8089.00000
75.00000
1239.64244
8095.00000
75.00000
1239.64244
8101.00000
32.00000
1239.64244
8107.00000
32.00000
1239.64244
8113.00000
14.00000
1239.64244
8119.00000
14.00000
1239.64244
8125.00000
14.00000
1239.64244
8131.00000
14.00000
1239.64244
8137.00000
58.00000
1239.64244
8143.00000
58.00000
1239.64244
8149.00000
43.00000
1239.64244
8155.00000
43.00000
1239.64244
8161.00000
21.00000
1239.64244
8167.00000
21.00000
1239.64244
8173.00000
21.00000
1239.64244
8179.00000
0.00000
1239.64244
8185.00000
0.00000
1239.64244
8191.00000
63.00000
1239.64244
8197.00000
63.00000
1239.64244
8203.00000
69.00000
1239.64244
8209.00000
69.00000
1239.64244
8215.00000
97.00000
1239.64244
8221.00000
97.00000
1239.64244
8227.00000
18.00000
1239.64244
8233.00000
72.00000
1239.64244
8239.00000
72.00000
1239.64244
8245.00000
72.00000
1239.64244
8251.00000
67.00000
1239.64244
8257.00000
67.00000
1239.64244
8263.00000
67.00000
1239.64244
8269.00000
77.00000
1239.64244
8275.00000
77.00000
1239.64244
8281.00000
65.00000
1239.64244
8287.00000
67.00000
1239.64244
8293.00000
82.00000
1239.64244
8299.00000
82.00000
1239.64244
8305.00000
29.00000
1239.64244
8311.00000
29.00000
1239.64244
8317.00000
29.00000
1239.64244
8323.00000
45.00000
1239.64244
8329.00000
45.00000
1239.64244
8335.00000
45.00000
1239.64244
8341.00000
45.00000
1239.64244
8347.00000
45.00000
1239.64244
8353.00000
10.00000
1239.64244
8359.00000
10.00000
1239.64244
8365.00000
61.00000
1239.64244
8371.00000
61.00000
1239.64244
8377.00000
61.00000
1239.64244
8383.00000
61.00000
1239.64244
8389.00000
28.00000
1239.64244
8395.00000
13.00000
1239.64244
8401.00000
13.00000
1239.64244
8407.00000
85.00000
1239.64244
8413.00000
85.00000
1239.64244
8419.00000
85.00000
1239.64244
8425.00000
25.00000
1239.64244
8431.00000
31.00000
1239.64244
8437.00000
31.00000
1239.64244
8443.00000
7.00000
1239.64244
8449.00000
7.00000
1239.64244
8455.00000
7.00000
1239.64244
8461.00000
86.00000
1239.64244
8467.00000
86.00000
1239.64244
8473.00000
46.00000
1239.64244
8479.00000
46.00000
1239.64244
8485.00000
46.00000
1239.64244
8491.00000
93.00000
1239.64244
8497.00000
2.00000
1239.64244
8503.00000
2.00000
1239.64244
8509.00000
26.00000
1239.64244
8515.00000
40.00000
1239.64244
8521.00000
40.00000
1239.64244
8527.00000
58.00000
1239.64244
8533.00000
58.00000
1239.64244
8539.00000
58.00000
1239.64244
8545.00000
58.00000
1239.64244
8551.00000
51.00000
1239.64244
8557.00000
24.00000
1239.64244
8563.00000
24.00000
1239.64244
8569.00000
51.00000
1239.64244
8575.00000
51.00000
1239.64244
8581.00000
10.00000
1239.64244
8587.00000
6.00000
1239.64244
8593.00000
18.00000
1239.64244
8599.00000
42.00000
1239.64244
8605.00000
53.00000
1239.64244
8611.00000
53.00000
1239.64244
8617.00000
53.00000
1239.64244
8623.00000
27.00000
1239.64244
8629.00000
27.00000
1239.64244
8635.00000
27.00000
1239.64244
8641.00000
27.00000
1239.64244
8647.00000
27.00000
1239.64244
8653.00000
60.00000
1239.64244
8659.00000
60.00000
1239.64244
8665.00000
60.00000
1239.64244
8671.00000
60.00000
1239.64244
8677.00000
60.00000
1239.64244
8683.00000
73.00000
1239.64244
8689.00000
73.00000
1239.64244
8695.00000
37.00000
1239.64244
8701.00000
37.00000
1239.64244
8707.00000
37.00000
1239.64244
8713.00000
37.00000
1239.64244
8719.00000
37.00000
1239.64244
8725.00000
37.00000
1239.64244
8731.00000
52.00000
1239.64244
8737.00000
52.00000
1239.64244
8743.00000
52.00000
1239.64244
8749.00000
11.00000
1239.64244
8755.00000
11.00000
1239.64244
8761.00000
11.00000
1239.64244
8767.00000
11.00000
1239.64244
8773.00000
44.00000
1239.64244
8779.00000
44.00000
1239.64244
8785.00000
44.00000
1239.64244
8791.00000
64.00000
1239.64244
8797.00000
64.00000
1239.64244
8803.00000
64.00000
1239.64244
8809.00000
64.00000
1239.64244
8815.00000
64.00000
1239.64244
8821.00000
64.00000
1239.64244
8827.00000
64.00000
1239.64244
8833.00000
2.00000
1239.64244
8839.00000
31.00000
1239.64244
8845.00000
31.00000
1239.64244
8851.00000
31.00000
1239.64244
8857.00000
97.00000
1239.64244
8863.00000
97.00000
1239.64244
8869.00000
97.00000
1239.64244
8875.00000
97.00000
1239.64244
8881.00000
97.00000
1239.64244
8887.00000
90.00000
1239.64244
8893.00000
90.00000
1239.64244
8899.00000
90.00000
1239.64244
8905.00000
90.00000
1239.64244
8911.00000
90.00000
1239.64244
8917.00000
90.00000
1239.64244
8923.00000
30.00000
1239.64244
8929.00000
70.00000
1239.64244
8935.00000
26.00000
1239.64244
8941.00000
26.00000
1239.64244
8947.00000
26.00000
1239.64244
8953.00000
26.00000
1239.64244
8959.00000
26.00000
1239.64244
8965.00000
26.00000
1239.64244
8971.00000
26.00000
1239.64244
8977.00000
99.00000
1239.64244
8983.00000
99.00000
1239.64244
8989.00000
16.00000
1239.64244
8995.00000
96.00000
1239.64244
9001.00000
97.00000
1239.64244
9007.00000
97.00000
1239.64244
9013.00000
95.00000
1239.64244
9019.00000
95.00000
1239.64244
9025.00000
95.00000
1239.64244
9031.00000
69.00000
1239.64244
9037.00000
69.00000
1239.64244
9043.00000
58.00000
1239.64244
9049.00000
58.00000
1239.64244
9055.00000
58.00000
1239.64244
9061.00000
58.00000
1239.64244
9067.00000
58.00000
1239.64244
9073.00000
58.00000
1239.64244
9079.00000
58.00000
1239.64244
9085.00000
58.00000
1239.64244
9091.00000
58.00000
1239.64244
9097.00000
58.00000
1239.64244
9103.00000
58.00000
1239.64244
9109.00000
58.00000
1239.64244
9115.00000
58.00000
1239.64244
9121.00000
61.00000
1239.64244
9127.00000
61.00000
1239.64244
9133.00000
48.00000
1239.64244
9139.00000
48.00000
1239.64244
9145.00000
48.00000
1239.64244
9151.00000
48.00000
1239.64244
9157.00000
64.00000
1239.64244
9163.00000
64.00000
1239.64244
9169.00000
7.00000
1239.64244
9175.00000
69.00000
1239.64244
9181.00000
69.00000
1239.64244
9187.00000
69.00000
1239.64244
9193.00000
69.00000
1239.64244
9199.00000
56.00000
1239.64244
9205.00000
56.00000
1239.64244
9211.00000
44.00000
1239.64244
9217.00000
44.00000
1239.64244
9223.00000
44.00000
1239.64244
9229.00000
44.00000
1239.64244
9235.00000
44.00000
1239.64244
9241.00000
44.00000
1239.64244
9247.00000
44.00000
1239.64244
9253.00000
44.00000
1239.64244
9259.00000
44.00000
1239.64244
9265.00000
44.00000
1239.64244
9271.00000
44.00000
1239.64244
9277.00000
44.00000
1239.64244
9283.00000
44.00000
1239.64244
9289.00000
44.00000
1239.64244
9295.00000
44.00000
1239.64244
9301.00000
44.00000
1239.64244
9307.00000
44.00000
1239.64244
9313.00000
44.00000
1239.64244
9319.00000
38.00000
1239.64244
9325.00000
38.00000
1239.64244
9331.00000
38.00000
1239.64244
9337.00000
35.00000
1239.64244
9343.00000
97.00000
1239.64244
9349.00000
91.00000
1239.64244
9355.00000
91.00000
1239.64244
9361.00000
50.00000
1239.64244
9367.00000
50.00000
1239.64244
9373.00000
50.00000
1239.64244
9379.00000
24.00000
1239.64244
9385.00000
24.00000
1239.64244
9391.00000
24.00000
1239.64244
9397.00000
24.00000
1239.64244
9403.00000
24.00000
1239.64244
9409.00000
87.00000
1239.64244
9415.00000
87.00000
1239.64244
9421.00000
87.00000
1239.64244
9427.00000
87.00000
1239.64244
9433.00000
87.00000
1239.64244
9439.00000
87.00000
1239.64244
9445.00000
87.00000
1239.64244
9451.00000
87.00000
1239.64244
9457.00000
34.00000
1239.64244
9463.00000
34.00000
1239.64244
9469.00000
34.00000
1239.64244
9475.00000
34.00000
1239.64244
9481.00000
16.00000
1239.64244
9487.00000
52.00000
1239.64244
9493.00000
52.00000
1239.64244
9499.00000
52.00000
1239.64244
9505.00000
52.00000
1239.64244
9511.00000
52.00000
1239.64244
9517.00000
52.00000
1239.64244
9523.00000
52.00000
1239.64244
9529.00000
78.00000
1239.64244
9535.00000
78.00000
1239.64244
9541.00000
78.00000
1239.64244
9547.00000
15.00000
1239.64244
9553.00000
15.00000
1239.64244
9559.00000
15.00000
1239.64244
9565.00000
15.00000
1239.64244
9571.00000
20.00000
1239.64244
9577.00000
20.00000
1239.64244
9583.00000
20.00000
1239.64244
9589.00000
20.00000
1239.64244
9595.00000
20.00000
1239.64244
9601.00000
20.00000
1239.64244
9607.00000
20.00000
1239.64244
9613.00000
20.00000
1239.64244
9619.00000
20.00000
1239.64244
9625.00000
20.00000
1239.64244
9631.00000
20.00000
1239.64244
9637.00000
20.00000
1239.64244
9643.00000
20.00000
1239.64244
9649.00000
54.00000
1239.64244
9655.00000
72.00000
1239.64244
9661.00000
72.00000
1239.64244
9667.00000
72.00000
1239.64244
9673.00000
72.00000
1239.64244
9679.00000
72.00000
1239.64244
9685.00000
72.00000
1239.64244
9691.00000
72.00000
1239.64244
9697.00000
72.00000
1239.64244
9703.00000
80.00000
1239.64244
9709.00000
80.00000
1239.64244
9715.00000
80.00000
1239.64244
9721.00000
80.00000
1239.64244
9727.00000
3.00000
1239.64244
9733.00000
3.00000
1239.64244
9739.00000
77.00000
1239.64244
9745.00000
19.00000
1239.64244
9751.00000
19.00000
1239.64244
9757.00000
4.00000
1239.64244
9763.00000
4.00000
1239.64244
9769.00000
35.00000
1239.64244
9775.00000
35.00000
1239.64244
9781.00000
35.00000
1239.64244
9787.00000
35.00000
1239.64244
9793.00000
35.00000
1239.64244
9799.00000
35.00000
1239.64244
9805.00000
73.00000
1239.64244
9811.00000
73.00000
1239.64244
9817.00000
73.00000
1239.64244
9823.00000
47.00000
1239.64244
9829.00000
26.00000
1239.64244
9835.00000
26.00000
1239.64244
9841.00000
26.00000
1239.64244
9847.00000
26.00000
1239.64244
9853.00000
26.00000
1239.64244
9859.00000
26.00000
1239.64244
9865.00000
26.00000
1239.64244
9871.00000
26.00000
1239.64244
9877.00000
26.00000
1239.64244
9883.00000
26.00000
1239.64244
9889.00000
26.00000
1239.64244
9895.00000
26.00000
1239.64244
9901.00000
26.00000
1239.64244
9907.00000
26.00000
1239.64244
9913.00000
26.00000
1239.64244
9919.00000
26.00000
1239.64244
9925.00000
26.00000
1239.64244
9931.00000
26.00000
1239.64244
9937.00000
26.00000
1239.64244
9943.00000
26.00000
1239.64244
9949.00000
26.00000
1239.64244
9955.00000
26.00000
1239.64244
9961.00000
26.00000
1239.64244
9967.00000
90.00000
1239.64244
9973.00000
90.00000
1239.64244
9979.00000
57.00000
1239.64244
9985.00000
57.00000
1239.64244
9991.00000
57.00000
1239.64244
9997.00000
60.00000
1239.64244
10003.00000
60.00000
1239.64244
10009.00000
60.00000
1239.64244
10015.00000
60.00000
1239.64244
10021.00000
60.00000
1239.64244
10027.00000
60.00000
1239.64244
10033.00000
60.00000
1239.64244
10039.00000
60.00000
1239.64244
10045.00000
60.00000
1239.64244
10051.00000
60.00000
1239.64244
10057.00000
60.00000
1239.64244
10063.00000
15.00000
1239.64244
10069.00000
15.00000
1239.64244
10075.00000
15.00000
1239.64244
10081.00000
15.00000
1239.64244
10087.00000
15.00000
1239.64244
10093.00000
15.00000
1239.64244
10099.00000
15.00000
1239.64244
10105.00000
15.00000
1239.64244
10111.00000
15.00000
1239.64244
10117.00000
67.00000
1239.64244
10123.00000
67.00000
1239.64244
10129.00000
67.00000
1239.64244
10135.00000
67.00000
1239.64244
10141.00000
52.00000
1239.64244
10147.00000
52.00000
1239.64244
10153.00000
52.00000
1239.64244
10159.00000
52.00000
1239.64244
10165.00000
82.00000
1239.64244
10171.00000
82.00000
1239.64244
10177.00000
16.00000
1239.64244
10183.00000
16.00000
1239.64244
10189.00000
16.00000
1239.64244
10195.00000
16.00000
1239.64244
10201.00000
19.00000
1239.64244
10207.00000
19.00000
1239.64244
10213.00000
19.00000
1239.64244
10219.00000
19.00000
1239.64244
10225.00000
19.00000
1239.64244
10231.00000
19.00000
1239.64244
10237.00000
19.00000
1239.64244
10243.00000
19.00000
1239.64244
10249.00000
15.00000
1239.64244
10255.00000
15.00000
1239.64244
10261.00000
15.00000
1239.64244
10267.00000
15.00000
1239.64244
10273.00000
93.00000
1239.64244
10279.00000
93.00000
1239.64244
10285.00000
40.00000
1239.64244
10291.00000
40.00000
1239.64244
10297.00000
40.00000
1239.64244
10303.00000
40.00000
1239.64244
10309.00000
40.00000
1239.64244
10315.00000
40.00000
1239.64244
10321.00000
73.00000
1239.64244
10327.00000
73.00000
1239.64244
10333.00000
44.00000
1239.64244
10339.00000
44.00000
1239.64244
10345.00000
98.00000
1239.64244
10351.00000
98.00000
1239.64244
10357.00000
98.00000
1239.64244
10363.00000
93.00000
1239.64244
10369.00000
93.00000
1239.64244
10375.00000
93.00000
1239.64244
10381.00000
93.00000
1239.64244
10387.00000
93.00000
1239.64244
10393.00000
93.00000
1239.64244
10399.00000
93.00000
1239.64244
10405.00000
93.00000
1239.64244
10411.00000
93.00000
1239.64244
10417.00000
93.00000
1239.64244
10423.00000
93.00000
1239.64244
10429.00000
56.00000
1239.64244
10435.00000
56.00000
1239.64244
10441.00000
56.00000
1239.64244
10447.00000
15.00000
1239.64244
10453.00000
15.00000
1239.64244
10459.00000
9.00000
1239.64244
10465.00000
9.00000
1239.64244
10471.00000
14.00000
1239.64244
10477.00000
41.00000
1239.64244
10483.00000
89.00000
1239.64244
10489.00000
89.00000
1239.64244
10495.00000
89.00000
1239.64244
10501.00000
89.00000
1239.64244
10507.00000
89.00000
1239.64244
10513.00000
89.00000
1239.64244
10519.00000
89.00000
1239.64244
10525.00000
89.00000
1239.64244
10531.00000
68.00000
1239.64244
10537.00000
68.00000
1239.64244
10543.00000
68.00000
1239.64244
10549.00000
68.00000
1239.64244
10555.00000
68.00000
1239.64244
10561.00000
68.00000
1239.64244
10567.00000
63.00000
1239.64244
10573.00000
43.00000
1239.64244
10579.00000
43.00000
1239.64244
10585.00000
41.00000
1239.64244
10591.00000
22.00000
1239.64244
10597.00000
22.00000
1239.64244
10603.00000
22.00000
1239.64244
10609.00000
22.00000
1239.64244
10615.00000
22.00000
1239.64244
10621.00000
22.00000
1239.64244
10627.00000
22.00000
1239.64244
10633.00000
22.00000
1239.64244
10639.00000
48.00000
1239.64244
10645.00000
91.00000
1239.64244
10651.00000
91.00000
1239.64244
10657.00000
91.00000
1239.64244
10663.00000
91.00000
1239.64244
10669.00000
91.00000
1239.64244
10675.00000
83.00000
1239.64244
10681.00000
53.00000
1239.64244
10687.00000
53.00000
1239.64244
10693.00000
15.00000
1239.64244
10699.00000
53.00000
1239.64244
10705.00000
24.00000
1239.64244
10711.00000
67.00000
1239.64244
10717.00000
62.00000
1239.64244
10723.00000
62.00000
1239.64244
10729.00000
62.00000
1239.64244
10735.00000
62.00000
1239.64244
10741.00000
62.00000
1239.64244
10747.00000
62.00000
1239.64244
10753.00000
67.00000
1239.64244
10759.00000
43.00000
1239.64244
10765.00000
27.00000
1239.64244
10771.00000
35.00000
1239.64244
10777.00000
2.00000
1239.64244
10783.00000
2.00000
1239.64244
10789.00000
2.00000
1239.64244
10795.00000
96.00000
1239.64244
10801.00000
96.00000
1239.64244
10807.00000
21.00000
1239.64244
10813.00000
39.00000
1239.64244
10819.00000
86.00000
1239.64244
10825.00000
86.00000
1239.64244
10831.00000
5.00000
1239.64244
10837.00000
5.00000
1239.64244
10843.00000
68.00000
1239.64244
10849.00000
29.00000
1239.64244
10855.00000
29.00000
1239.64244
10861.00000
29.00000
1239.64244
10867.00000
91.00000
1239.64244
10873.00000
24.00000
1239.64244
10879.00000
67.00000
1239.64244
10885.00000
99.00000
1239.64244
10891.00000
32.00000
1239.64244
10897.00000
75.00000
1239.64244
10903.00000
16.00000
1239.64244
10909.00000
16.00000
1239.64244
10915.00000
51.00000
1239.64244
10921.00000
51.00000
1239.64244
10927.00000
51.00000
1239.64244
10933.00000
83.00000
1239.64244
10939.00000
83.00000
1239.64244
10945.00000
16.00000
1239.64244
10951.00000
16.00000
1239.64244
10957.00000
50.00000
1239.64244
10963.00000
89.00000
1239.64244
10969.00000
27.00000
1239.64244
10975.00000
27.00000
1239.64244
10981.00000
46.00000
1239.64244
10987.00000
46.00000
1239.64244
10993.00000
46.00000
1239.64244
10999.00000
46.00000
1239.64244
11005.00000
55.00000
1239.64244
11011.00000
55.00000
1239.64244
11017.00000
55.00000
1239.64244
11023.00000
55.00000
1239.64244
11029.00000
72.00000
1239.64244
11035.00000
72.00000
1239.64244
11041.00000
72.00000
1239.64244
11047.00000
72.00000
1239.64244
11053.00000
72.00000
1239.64244
11059.00000
13.00000
1239.64244
11065.00000
76.00000
1239.64244
11071.00000
76.00000
1239.64244
11077.00000
65.00000
1239.64244
11083.00000
65.00000
1239.64244
11089.00000
93.00000
1239.64244
11095.00000
93.00000
1239.64244
11101.00000
29.00000
1239.64244
11107.00000
29.00000
1239.64244
11113.00000
89.00000
1239.64244
11119.00000
49.00000
1239.64244
11125.00000
18.00000
1239.64244
11131.00000
96.00000
1239.64244
11137.00000
96.00000
1239.64244
11143.00000
51.00000
1239.64244
11149.00000
51.00000
1239.64244
11155.00000
37.00000
1239.64244
11161.00000
37.00000
1239.64244
11167.00000
29.00000
1239.64244
11173.00000
98.00000
1239.64244
11179.00000
5.00000
1239.64244
11185.00000
5.00000
1239.64244
11191.00000
5.00000
1239.64244
11197.00000
5.00000
1239.64244
11203.00000
95.00000
1239.64244
11209.00000
53.00000
1239.64244
11215.00000
53.00000
1239.64244
11221.00000
53.00000
1239.64244
11227.00000
53.00000
1239.64244
11233.00000
51.00000
1239.64244
11239.00000
51.00000
1239.64244
11245.00000
51.00000
1239.64244
11251.00000
59.00000
1239.64244
11257.00000
95.00000
1239.64244
11263.00000
70.00000
1239.64244
11269.00000
56.00000
1239.64244
11275.00000
83.00000
1239.64244
11281.00000
39.00000
1239.64244
11287.00000
39.00000
1239.64244
11293.00000
39.00000
1239.64244
11299.00000
30.00000
1239.64244
11305.00000
30.00000
1239.64244
11311.00000
92.00000
1239.64244
11317.00000
44.00000
1239.64244
11323.00000
17.00000
1239.64244
11329.00000
17.00000
1239.64244
11335.00000
17.00000
1239.64244
11341.00000
55.00000
1239.64244
11347.00000
55.00000
1239.64244
11353.00000
55.00000
1239.64244
11359.00000
55.00000
1239.64244
11365.00000
55.00000
1239.64244
11371.00000
32.00000
1239.64244
11377.00000
80.00000
1239.64244
11383.00000
80.00000
1239.64244
11389.00000
69.00000
1239.64244
11395.00000
0.00000
1239.64244
11401.00000
55.00000
1239.64244
11407.00000
10.00000
1239.64244
11413.00000
66.00000
1239.64244
11419.00000
46.00000
1239.64244
11425.00000
46.00000
1239.64244
11431.00000
46.00000
1239.64244
11437.00000
18.00000
1239.64244
11443.00000
18.00000
1239.64244
11449.00000
18.00000
1239.64244
11455.00000
18.00000
1239.64244
11461.00000
93.00000
1239.64244
11467.00000
37.00000
1239.64244
11473.00000
76.00000
1239.64244
11479.00000
76.00000
1239.64244
11485.00000
76.00000
1239.64244
11491.00000
28.00000
1239.64244
11497.00000
28.00000
1239.64244
11503.00000
28.00000
1239.64244
11509.00000
28.00000
1239.64244
11515.00000
28.00000
1239.64244
11521.00000
28.00000
1239.64244
11527.00000
28.00000
1239.64244
11533.00000
70.00000
1239.64244
11539.00000
0.00000
1239.64244
11545.00000
0.00000
1239.64244
11551.00000
0.00000
1239.64244
11557.00000
0.00000
1239.64244
11563.00000
0.00000
1239.64244
11569.00000
0.00000
1239.64244
11575.00000
0.00000
1239.64244
11581.00000
66.00000
1239.64244
11587.00000
97.00000
1239.64244
11593.00000
26.00000
1239.64244
11599.00000
45.00000
1239.64244
11605.00000
45.00000
1239.64244
11611.00000
45.00000
1239.64244
11617.00000
45.00000
1239.64244
11623.00000
81.00000
1239.64244
11629.00000
81.00000
1239.64244
11635.00000
81.00000
1239.64244
11641.00000
81.00000
1239.64244
11647.00000
81.00000
1239.64244
11653.00000
81.00000
1239.64244
11659.00000
81.00000
1239.64244
11665.00000
81.00000
1239.64244
11671.00000
18.00000
1239.64244
11677.00000
18.00000
1239.64244
11683.00000
18.00000
1239.64244
11689.00000
18.00000
1239.64244
11695.00000
32.00000
1239.64244
11701.00000
37.00000
1239.64244
11707.00000
37.00000
1239.64244
11713.00000
12.00000
1239.64244
11719.00000
12.00000
1239.64244
11725.00000
23.00000
1239.64244
11731.00000
23.00000
1239.64244
11737.00000
23.00000
1239.64244
11743.00000
23.00000
1239.64244
11749.00000
23.00000
1239.64244
11755.00000
23.00000
1239.64244
11761.00000
23.00000
1239.64244
11767.00000
23.00000
1239.64244
11773.00000
51.00000
1239.64244
11779.00000
14.00000
1239.64244
11785.00000
14.00000
1239.64244
11791.00000
74.00000
1239.64244
11797.00000
74.00000
1239.64244
11803.00000
74.00000
1239.64244
11809.00000
74.00000
1239.64244
11815.00000
74.00000
1239.64244
11821.00000
48.00000
1239.64244
11827.00000
48.00000
1239.64244
11833.00000
48.00000
1239.64244
11839.00000
48.00000
1239.64244
11845.00000
48.00000
1239.64244
11851.00000
48.00000
1239.64244
11857.00000
3.00000
1239.64244
11863.00000
3.00000
1239.64244
11869.00000
3.00000
1239.64244
11875.00000
3.00000
1239.64244
11881.00000
3.00000
1239.64244
11887.00000
3.00000
1239.64244
11893.00000
3.00000
1239.64244
11899.00000
3.00000
1239.64244
11905.00000
3.00000
1239.64244
11911.00000
72.00000
1239.64244
11917.00000
72.00000
1239.64244
11923.00000
72.00000
1239.64244
11929.00000
72.00000
1239.64244
11935.00000
23.00000
1239.64244
11941.00000
23.00000
1239.64244
11947.00000
23.00000
1239.64244
11953.00000
23.00000
1239.64244
11959.00000
23.00000
1239.64244
11965.00000
23.00000
1239.64244
11971.00000
23.00000
1239.64244
11977.00000
23.00000
1239.64244
11983.00000
23.00000
1239.64244
11989.00000
23.00000
1239.64244
11995.00000
0.00000
1239.64244
12001.00000
0.00000
1239.64244
12007.00000
79.00000
1239.64244
12013.00000
79.00000
1239.64244
12019.00000
79.00000
1239.64244
12025.00000
79.00000
1239.64244
12031.00000
79.00000
1239.64244
12037.00000
79.00000
1239.64244
12043.00000
79.00000
1239.64244
12049.00000
38.00000
1239.64244
12055.00000
38.00000
1239.64244
12061.00000
38.00000
1239.64244
12067.00000
38.00000
1239.64244
12073.00000
38.00000
1239.64244
12079.00000
38.00000
1239.64244
12085.00000
38.00000
1239.64244
12091.00000
38.00000
1239.64244
12097.00000
38.00000
1239.64244
12103.00000
33.00000
1239.64244
12109.00000
33.00000
1239.64244
12115.00000
33.00000
1239.64244
12121.00000
33.00000
1239.64244
12127.00000
33.00000
1239.64244
12133.00000
33.00000
1239.64244
12139.00000
33.00000
1239.64244
12145.00000
97.00000
1239.64244
12151.00000
97.00000
1239.64244
12157.00000
97.00000
1239.64244
12163.00000
44.00000
1239.64244
12169.00000
44.00000
1239.64244
12175.00000
44.00000
1239.64244
12181.00000
44.00000
1239.64244
12187.00000
44.00000
1239.64244
12193.00000
44.00000
1239.64244
12199.00000
44.00000
1239.64244
12205.00000
44.00000
1239.64244
12211.00000
44.00000
1239.64244
12217.00000
15.00000
1239.64244
12223.00000
1.00000
1239.64244
12229.00000
1.00000
1239.64244
12235.00000
1.00000
1239.64244
12241.00000
1.00000
1239.64244
12247.00000
93.00000
1239.64244
12253.00000
93.00000
1239.64244
12259.00000
93.00000
1239.64244
12265.00000
93.00000
1239.64244
12271.00000
93.00000
1239.64244
12277.00000
93.00000
1239.64244
12283.00000
93.00000
1239.64244
12289.00000
74.00000
1239.64244
12295.00000
74.00000
1239.64244
12301.00000
74.00000
1239.64244
12307.00000
74.00000
1239.64244
12313.00000
74.00000
1239.64244
12319.00000
29.00000
1239.64244
12325.00000
29.00000
1239.64244
12331.00000
29.00000
1239.64244
12337.00000
29.00000
1239.64244
12343.00000
29.00000
1239.64244
