0.84 -1.07 3.51 4.49 -1.96
4.11 8.31 13.73 -4.40 -3.56
3.10 6.30 -2.76 2.73 4.52
-1.44 -0.03 4.49 0.04 10.54
0.48 -2.09 4.40 -3.76 -0.16
3.74 0.04 -7.78 -3.94 -1.20
-0.14 1.32 2.99 10.23 0.54
1.07 -0.65 4.17 -2.17 -3.54
-2.04 7.01 -1.59 -2.29 -8.10
0.81 -3.76 0.56 -3.29 -1.89
7.56 4.06 0.88 4.60 6.67
-3.35 -3.61 8.36 1.63 2.70
-0.97 4.70 -9.76 -0.31 -2.38
-3.25 5.23 -2.41 3.01 5.75
9.05 -0.43 1.09 -0.59 1.86
-2.94 -6.30 4.47 0.71 -3.94
-0.27 -14.97 -1.34 -0.68 -3.64
7.14 2.63 3.09 -2.29 -7.21
-6.38 0.98 -0.66 3.83 -1.50
2.36 -0.65 0.19 9.32 -6.08
1.76 2.75 -6.49 6.77 2.08
-1.64 1.26 8.82 -9.16 -2.27
-7.13 2.12 2.71 -3.62 -0.80
1.34 -5.77 1.72 6.91 -7.83
5.29 -4.64 1.64 0.07 2.20
-7.88 1.89 4.47 -13.46 18.59
3.29 4.72 6.55 1.97 0.98
-5.23 -9.92 0.47 3.85 13.24
0.80 -3.87 -3.52 2.75 -3.10
3.61 3.09 -6.03 -6.82 6.98
5.02 5.57 3.97 -1.42 1.05
3.11 1.90 -5.36 6.46 -0.70
3.45 -2.55 0.14 2.93 1.86
6.49 -6.54 10.66 -0.80 -3.86
4.84 -5.22 1.91 3.48 -1.05
7.66 0.49 5.95 7.11 -0.28
3.32 3.20 -3.23 -3.24 4.76
3.28 7.26 4.27 8.91 8.59
3.13 8.70 5.95 0.03 0.51
5.74 -1.88 7.53 1.92 4.33
-5.64 -1.74 5.09 7.01 -0.74
2.41 6.53 1.08 5.05 -12.61
-3.74 2.27 -0.22 -4.14 -4.40
-3.03 1.66 1.05 3.46 -3.20
-0.89 -6.93 0.62 4.38 -0.51
-1.50 2.03 -5.51 1.00 10.44
3.59 8.51 -4.30 3.77 -1.77
4.12 -7.62 4.47 -4.96 1.49
11.10 0.37 0.12 2.84 -5.77
1.68 -0.16 5.91 -2.50 -1.93
0.71 -3.00 4.12 2.67 5.92
-0.57 7.32 4.45 5.08 1.91
-1.87 2.31 -3.01 -4.68 -0.11
4.94 5.78 -1.60 -2.52 -4.67
2.90 3.29 0.84 -3.13 -2.44
-6.50 -2.74 6.52 2.58 -7.73
3.75 -0.22 -2.55 3.10 4.41
0.61 -7.03 10.16 6.33 0.37
-5.76 1.31 -4.61 2.70 7.35
6.54 2.96 0.22 -4.08 8.65
-0.09 7.86 4.38 -5.96 1.51
-2.20 2.03 -1.30 -5.96 4.48
6.77 -3.34 -2.08 5.28 -2.21
6.72 -0.68 3.19 6.78 5.43
9.94 0.59 -9.19 -6.24 -5.32
2.47 -14.05 -6.19 1.42 5.12
8.79 2.74 -1.55 -2.06 -2.63
-4.89 -6.14 1.40 5.76 -1.27
-0.77 -7.94 -3.10 3.18 -0.87
5.29 2.76 -8.27 -2.60 -7.94
-2.02 3.58 2.08 0.39 5.51
0.63 -0.00 4.60 -2.25 -1.84
-2.07 8.33 3.78 3.56 5.73
-1.48 8.84 -4.84 -6.64 0.16
3.70 -6.90 -3.67 5.97 -13.49
4.85 7.73 0.73 -4.65 7.62
6.89 -0.69 -0.21 -10.89 12.77
-0.84 2.24 1.71 3.62 -2.92
-2.05 -2.30 -16.03 -3.02 4.42
5.57 4.71 -0.74 -2.57 -0.24
-14.84 7.31 -4.06 3.27 0.63
-2.65 0.79 -1.94 0.88 -4.18
-8.15 -0.19 -5.36 9.80 -1.44
2.93 8.45 0.32 9.39 -1.64
0.15 2.08 0.07 8.28 -5.96
1.62 1.59 -0.52 -1.82 -2.24
-1.87 -5.14 1.08 -2.87 4.51
-4.47 -1.57 -1.35 -2.44 7.40
-1.23 -5.23 0.49 -1.64 -4.63
-0.79 -2.66 -7.73 -1.72 4.44
1.35 0.37 4.59 -1.46 1.32
0.30 7.66 -9.12 -5.15 1.38
12.12 -1.61 -4.80 1.07 0.69
-2.19 -6.29 -7.04 -2.50 -3.64
-2.30 5.30 -1.80 4.49 0.76
3.99 -4.53 -1.60 -11.70 -5.76
-8.31 2.46 6.42 -1.49 -0.33
-4.46 -1.90 -8.75 0.55 -2.63
-4.80 4.17 -0.73 7.28 -6.50
0.84 5.26 1.30 -3.99 -7.36
