[[ 6.33 -0.28]
 [ 2.27  0.38]
 [-1.94  1.48]
 [-1.82  0.02]
 [ 3.6  -5.04]
 [ 2.   -3.55]
 [ 4.54 -1.54]
 [ 0.95  0.93]
 [-2.59  1.71]
 [ 0.9  -8.58]
 [ 1.73  9.13]
 [-5.95 -0.08]
 [-5.39 -1.56]
 [-9.53 -0.58]
 [-3.27  0.47]
 [ 3.42  0.44]
 [ 1.56 -1.72]
 [ 0.19  1.8 ]
 [ 6.36 -5.45]
 [ 0.33  4.28]]
[162831.782021   2279.670341    530.126496   1091.942176  32406.76
   5701.25      49081.869856      0.078125   2510.988461   8817.22
   3766.932541 125949.083125  93750.898741 835523.332981  10469.001341
  12676.510496   1725.552896    311.790421 210706.057616   1740.256421]
0.078125 0.078125 7  initial best fit  -------------------------------------------------------------------
0.078125  is initial best fit   ------------ ++ ------------ 
[ 7  8  9  3  4  5  6  0  1  2 10 11 12 13 14 15 16 17 18 19]   -------------------- --------------------------- index of rand_parents
0 [0.9906194  0.91329626]  * new pcx
0 [0.9602216  0.91697803]  new pcx
1 [0.87507541 0.96081092]  * new pcx
1 [0.89119158 0.97627182]  new pcx
[14 19  2  3  4  5  6  7  8  9 10 11 12 13  0 15 16 17 18  1]    -------------------------  ------------------------------------------------ self.parents
[[ 0.9602216   0.91697803]
 [ 0.89119158  0.97627182]
 [ 4.54       -1.54      ]
 [ 1.56       -1.72      ]]   -----------------------find parents sub_pop
[    0.00413003     3.32603747 49081.869856    1725.552896  ] ------------------------- find parents sp_fit
[0 1 2 3]  sort_population list
[[ 0.9602216   0.91697803]
 [ 0.89119158  0.97627182]
 [ 4.54       -1.54      ]
 [ 1.56       -1.72      ]]  sort_population sub_pop
[    0.00413003     3.32603747 49081.869856    1725.552896  ]  sort_population sp_fit
14 [0.9602216  0.91697803] 0.00413002696072                                replaced                        @@
19 [0.89119158 0.97627182] 3.32603746828                                replaced                        @@
[[ 0.9602216   0.91697803]
 [ 0.89119158  0.97627182]
 [ 4.54       -1.54      ]
 [ 1.56       -1.72      ]]   replace_parents sub_pop
[    0.00413003     3.32603747 49081.869856    1725.552896  ]  replace_parents sp_fit
[162831.782021     2279.670341      530.126496     1091.942176
  32406.76         5701.25        49081.869856        0.078125
   2510.988461     8817.22         3766.932541   125949.083125
  93750.898741   835523.332981        0.00413003  12676.510496
   1725.552896      311.790421   210706.057616        3.32603747]  fitness
[    0.00413003     3.32603747 49081.869856    1725.552896  ]  sp_fit
[162831.782021     2279.670341      530.126496     1091.942176
  32406.76         5701.25        49081.869856        0.078125
   2510.988461     8817.22         3766.932541   125949.083125
  93750.898741   835523.332981        0.00413003  12676.510496
   1725.552896      311.790421   210706.057616        3.32603747]  fitness -------------- ** 
26 0.00413002696072 14  best sol         ---------------   ** ---------------** --
[[ 6.33       -0.28      ]
 [ 2.27        0.38      ]
 [-1.94        1.48      ]
 [-1.82        0.02      ]
 [ 3.6        -5.04      ]
 [ 2.         -3.55      ]
 [ 4.54       -1.54      ]
 [ 0.95        0.93      ]
 [-2.59        1.71      ]
 [ 0.9        -8.58      ]
 [ 1.73        9.13      ]
 [-5.95       -0.08      ]
 [-5.39       -1.56      ]
 [-9.53       -0.58      ]
 [ 0.9602216   0.91697803]
 [ 3.42        0.44      ]
 [ 1.56       -1.72      ]
 [ 0.19        1.8       ]
 [ 6.36       -5.45      ]
 [ 0.89119158  0.97627182]]
[14 12  2  3  4  5  6  7  8  9 10 11  1 13  0 15 16 17 18 19]   -------------------- --------------------------- index of rand_parents
0 [0.95704787 0.93231712]  * new pcx
0 [0.93233239 0.93593274]  new pcx
1 [0.9585934  0.92484736]  * new pcx
1 [1.01222805 0.91884335]  new pcx
[14 19  2  3  4  5  6  7  8  9 10 11 12 13  0 15 16 17 18  1]    -------------------------  ------------------------------------------------ self.parents
[[ 0.93233239  0.93593274]
 [ 1.01222805  0.91884335]
 [-9.53       -0.58      ]
 [ 4.54       -1.54      ]]   -----------------------find parents sub_pop
[     0.44932207      1.11871519 835523.332981    49081.869856  ] ------------------------- find parents sp_fit
[0 1 2 3]  sort_population list
[[ 0.93233239  0.93593274]
 [ 1.01222805  0.91884335]
 [-9.53       -0.58      ]
 [ 4.54       -1.54      ]]  sort_population sub_pop
[     0.44932207      1.11871519 835523.332981    49081.869856  ]  sort_population sp_fit
14 [0.93233239 0.93593274] 0.449322065355                                replaced                        @@
19 [1.01222805 0.91884335] 1.11871519283                                replaced                        @@
[[ 0.93233239  0.93593274]
 [ 1.01222805  0.91884335]
 [-9.53       -0.58      ]
 [ 4.54       -1.54      ]]   replace_parents sub_pop
[     0.44932207      1.11871519 835523.332981    49081.869856  ]  replace_parents sp_fit
[162831.782021     2279.670341      530.126496     1091.942176
  32406.76         5701.25        49081.869856        0.078125
   2510.988461     8817.22         3766.932541   125949.083125
  93750.898741   835523.332981        0.44932207  12676.510496
   1725.552896      311.790421   210706.057616        1.11871519]  fitness
[     0.44932207      1.11871519 835523.332981    49081.869856  ]  sp_fit
[162831.782021     2279.670341      530.126496     1091.942176
  32406.76         5701.25        49081.869856        0.078125
   2510.988461     8817.22         3766.932541   125949.083125
  93750.898741   835523.332981        0.44932207  12676.510496
   1725.552896      311.790421   210706.057616        1.11871519]  fitness -------------- ** 
32 0.078125 7  best sol         ---------------   ** ---------------** --
[[ 6.33       -0.28      ]
 [ 2.27        0.38      ]
 [-1.94        1.48      ]
 [-1.82        0.02      ]
 [ 3.6        -5.04      ]
 [ 2.         -3.55      ]
 [ 4.54       -1.54      ]
 [ 0.95        0.93      ]
 [-2.59        1.71      ]
 [ 0.9        -8.58      ]
 [ 1.73        9.13      ]
 [-5.95       -0.08      ]
 [-5.39       -1.56      ]
 [-9.53       -0.58      ]
 [ 0.93233239  0.93593274]
 [ 3.42        0.44      ]
 [ 1.56       -1.72      ]
 [ 0.19        1.8       ]
 [ 6.36       -5.45      ]
 [ 1.01222805  0.91884335]]
[ 7  5  4  3  2  1  6  0  8  9 10 11 12 13 14 15 16 17 18 19]   -------------------- --------------------------- index of rand_parents
0 [0.94987308 0.92995506]  * new pcx
0 [0.95935338 0.92254133]  new pcx
1 [0.94243542 0.92732163]  * new pcx
1 [0.94042258 0.94244507]  new pcx
[ 1  0  2  3  4  5  6  7  8  9 10 11 12 13 14 15 16 17 18 19]    -------------------------  ------------------------------------------------ self.parents
[[ 0.95935338  0.92254133]
 [ 0.94042258  0.94244507]
 [-5.39       -1.56      ]
 [ 0.95        0.93      ]]   -----------------------find parents sub_pop
[    0.00212845     0.34053481 93750.898741       0.078125  ] ------------------------- find parents sp_fit
[0 1 2 3]  sort_population list
[[ 0.95935338  0.92254133]
 [ 0.94042258  0.94244507]
 [-5.39       -1.56      ]
 [ 0.95        0.93      ]]  sort_population sub_pop
[    0.00212845     0.34053481 93750.898741       0.078125  ]  sort_population sp_fit
1 [0.95935338 0.92254133] 0.00212844996707                                replaced                        @@
0 [0.95 0.93] 0.078125                                replaced                        @@
[[ 0.95935338  0.92254133]
 [ 0.94042258  0.94244507]
 [-5.39       -1.56      ]
 [ 0.95        0.93      ]]   replace_parents sub_pop
[    0.00212845     0.34053481 93750.898741       0.078125  ]  replace_parents sp_fit
[     0.078125        0.00212845    530.126496     1091.942176
  32406.76         5701.25        49081.869856        0.078125
   2510.988461     8817.22         3766.932541   125949.083125
  93750.898741   835523.332981        0.44932207  12676.510496
   1725.552896      311.790421   210706.057616        1.11871519]  fitness
[    0.00212845     0.34053481 93750.898741       0.078125  ]  sp_fit
[     0.078125        0.00212845    530.126496     1091.942176
  32406.76         5701.25        49081.869856        0.078125
   2510.988461     8817.22         3766.932541   125949.083125
  93750.898741   835523.332981        0.44932207  12676.510496
   1725.552896      311.790421   210706.057616        1.11871519]  fitness -------------- ** 
38 0.00212844996707 1  best sol         ---------------   ** ---------------** --
[[ 0.95        0.93      ]
 [ 0.95935338  0.92254133]
 [-1.94        1.48      ]
 [-1.82        0.02      ]
 [ 3.6        -5.04      ]
 [ 2.         -3.55      ]
 [ 4.54       -1.54      ]
 [ 0.95        0.93      ]
 [-2.59        1.71      ]
 [ 0.9        -8.58      ]
 [ 1.73        9.13      ]
 [-5.95       -0.08      ]
 [-5.39       -1.56      ]
 [-9.53       -0.58      ]
 [ 0.93233239  0.93593274]
 [ 3.42        0.44      ]
 [ 1.56       -1.72      ]
 [ 0.19        1.8       ]
 [ 6.36       -5.45      ]
 [ 1.01222805  0.91884335]]
[ 1  4  8  3  0  5  6  7  2  9 10 11 12 13 14 15 16 17 18 19]   -------------------- --------------------------- index of rand_parents
0 [0.94411858 0.92521645]  * new pcx
0 [0.9440226  0.92740938]  new pcx
1 [0.95290734 0.92367321]  * new pcx
1 [0.95459829 0.89935778]  new pcx
[ 9  8  2  3  4  5  6  7  1  0 10 11 12 13 14 15 16 17 18 19]    -------------------------  ------------------------------------------------ self.parents
[[0.9440226  0.92740938]
 [0.95459829 0.89935778]
 [1.01222805 0.91884335]
 [0.95       0.93      ]]   -----------------------find parents sub_pop
[0.13439995 0.01622256 1.11871519 0.078125  ] ------------------------- find parents sp_fit
[0 1 2 3]  sort_population list
[[0.9440226  0.92740938]
 [0.95459829 0.89935778]
 [1.01222805 0.91884335]
 [0.95       0.93      ]]  sort_population sub_pop
[0.13439995 0.01622256 1.11871519 0.078125  ]  sort_population sp_fit
9 [0.95459829 0.89935778] 0.0162225607295                                replaced                        @@
8 [0.95 0.93] 0.078125                                replaced                        @@
[[0.9440226  0.92740938]
 [0.95459829 0.89935778]
 [1.01222805 0.91884335]
 [0.95       0.93      ]]   replace_parents sub_pop
[0.13439995 0.01622256 1.11871519 0.078125  ]  replace_parents sp_fit
[     0.078125        0.00212845    530.126496     1091.942176
  32406.76         5701.25        49081.869856        0.078125
      0.078125        0.01622256   3766.932541   125949.083125
  93750.898741   835523.332981        0.44932207  12676.510496
   1725.552896      311.790421   210706.057616        1.11871519]  fitness
[0.13439995 0.01622256 1.11871519 0.078125  ]  sp_fit
[     0.078125        0.00212845    530.126496     1091.942176
  32406.76         5701.25        49081.869856        0.078125
      0.078125        0.01622256   3766.932541   125949.083125
  93750.898741   835523.332981        0.44932207  12676.510496
   1725.552896      311.790421   210706.057616        1.11871519]  fitness -------------- ** 
44 0.00212844996707 1  best sol         ---------------   ** ---------------** --
[[ 0.95        0.93      ]
 [ 0.95935338  0.92254133]
 [-1.94        1.48      ]
 [-1.82        0.02      ]
 [ 3.6        -5.04      ]
 [ 2.         -3.55      ]
 [ 4.54       -1.54      ]
 [ 0.95        0.93      ]
 [ 0.95        0.93      ]
 [ 0.95459829  0.89935778]
 [ 1.73        9.13      ]
 [-5.95       -0.08      ]
 [-5.39       -1.56      ]
 [-9.53       -0.58      ]
 [ 0.93233239  0.93593274]
 [ 3.42        0.44      ]
 [ 1.56       -1.72      ]
 [ 0.19        1.8       ]
 [ 6.36       -5.45      ]
 [ 1.01222805  0.91884335]]
[ 1 19  0  3  4  5  6  7  8  9 10 11 12 13 14 15 16 17 18  2]   -------------------- --------------------------- index of rand_parents
0 [0.95934492 0.9226392 ]  * new pcx
0 [0.95933249 0.92263858]  new pcx
1 [0.95934978 0.92258295]  * new pcx
1 [0.95930445 0.92258697]  new pcx
[19  5  2  3  4  1  6  7  8  9 10 11 12 13 14 15 16 17 18  0]    -------------------------  ------------------------------------------------ self.parents
[[ 0.95933249  0.92263858]
 [ 0.95930445  0.92258697]
 [-9.53       -0.58      ]
 [ 0.95935338  0.92254133]]   -----------------------find parents sub_pop
[     0.00219198      0.00219527 835523.332981        0.00212845] ------------------------- find parents sp_fit
[0 1 2 3]  sort_population list
[[ 0.95933249  0.92263858]
 [ 0.95930445  0.92258697]
 [-9.53       -0.58      ]
 [ 0.95935338  0.92254133]]  sort_population sub_pop
[     0.00219198      0.00219527 835523.332981        0.00212845]  sort_population sp_fit
19 [0.95935338 0.92254133] 0.00212844996707                                replaced                        @@
5 [0.95933249 0.92263858] 0.00219197806939                                replaced                        @@
[[ 0.95933249  0.92263858]
 [ 0.95930445  0.92258697]
 [-9.53       -0.58      ]
 [ 0.95935338  0.92254133]]   replace_parents sub_pop
[     0.00219198      0.00219527 835523.332981        0.00212845]  replace_parents sp_fit
[     0.078125        0.00212845    530.126496     1091.942176
  32406.76            0.00219198  49081.869856        0.078125
      0.078125        0.01622256   3766.932541   125949.083125
  93750.898741   835523.332981        0.44932207  12676.510496
   1725.552896      311.790421   210706.057616        0.00212845]  fitness
[     0.00219198      0.00219527 835523.332981        0.00212845]  sp_fit
[     0.078125        0.00212845    530.126496     1091.942176
  32406.76            0.00219198  49081.869856        0.078125
      0.078125        0.01622256   3766.932541   125949.083125
  93750.898741   835523.332981        0.44932207  12676.510496
   1725.552896      311.790421   210706.057616        0.00212845]  fitness -------------- ** 
50 0.00212844996707 1  best sol         ---------------   ** ---------------** --
[[ 0.95        0.93      ]
 [ 0.95935338  0.92254133]
 [-1.94        1.48      ]
 [-1.82        0.02      ]
 [ 3.6        -5.04      ]
 [ 0.95933249  0.92263858]
 [ 4.54       -1.54      ]
 [ 0.95        0.93      ]
 [ 0.95        0.93      ]
 [ 0.95459829  0.89935778]
 [ 1.73        9.13      ]
 [-5.95       -0.08      ]
 [-5.39       -1.56      ]
 [-9.53       -0.58      ]
 [ 0.93233239  0.93593274]
 [ 3.42        0.44      ]
 [ 1.56       -1.72      ]
 [ 0.19        1.8       ]
 [ 6.36       -5.45      ]
 [ 0.95935338  0.92254133]]
[ 1 15  0  3  4  5  6  7  8  9 10 11 12 13 14  2 16 17 18 19]   -------------------- --------------------------- index of rand_parents
0 [0.95937108 0.92263268]  * new pcx
0 [0.96370307 0.92166231]  new pcx
1 [0.95935359 0.92254246]  * new pcx
1 [0.97433422 0.92129213]  new pcx
[ 8 16  2  3  4  5  6  7  0  9 10 11 12 13 14 15  1 17 18 19]    -------------------------  ------------------------------------------------ self.parents
[[ 0.96370307  0.92166231]
 [ 0.97433422  0.92129213]
 [ 3.42        0.44      ]
 [-1.94        1.48      ]]   -----------------------find parents sub_pop
[    0.00630366     0.07925517 12676.510496     530.126496  ] ------------------------- find parents sp_fit
[0 1 2 3]  sort_population list
[[ 0.96370307  0.92166231]
 [ 0.97433422  0.92129213]
 [ 3.42        0.44      ]
 [-1.94        1.48      ]]  sort_population sub_pop
[    0.00630366     0.07925517 12676.510496     530.126496  ]  sort_population sp_fit
8 [0.96370307 0.92166231] 0.00630365714354                                replaced                        @@
16 [0.97433422 0.92129213] 0.079255169115                                replaced                        @@
[[ 0.96370307  0.92166231]
 [ 0.97433422  0.92129213]
 [ 3.42        0.44      ]
 [-1.94        1.48      ]]   replace_parents sub_pop
[    0.00630366     0.07925517 12676.510496     530.126496  ]  replace_parents sp_fit
[     0.078125        0.00212845    530.126496     1091.942176
  32406.76            0.00219198  49081.869856        0.078125
      0.00630366      0.01622256   3766.932541   125949.083125
  93750.898741   835523.332981        0.44932207  12676.510496
      0.07925517    311.790421   210706.057616        0.00212845]  fitness
[    0.00630366     0.07925517 12676.510496     530.126496  ]  sp_fit
[     0.078125        0.00212845    530.126496     1091.942176
  32406.76            0.00219198  49081.869856        0.078125
      0.00630366      0.01622256   3766.932541   125949.083125
  93750.898741   835523.332981        0.44932207  12676.510496
      0.07925517    311.790421   210706.057616        0.00212845]  fitness -------------- ** 
56 0.00212844996707 1  best sol         ---------------   ** ---------------** --
[[ 0.95        0.93      ]
 [ 0.95935338  0.92254133]
 [-1.94        1.48      ]
 [-1.82        0.02      ]
 [ 3.6        -5.04      ]
 [ 0.95933249  0.92263858]
 [ 4.54       -1.54      ]
 [ 0.95        0.93      ]
 [ 0.96370307  0.92166231]
 [ 0.95459829  0.89935778]
 [ 1.73        9.13      ]
 [-5.95       -0.08      ]
 [-5.39       -1.56      ]
 [-9.53       -0.58      ]
 [ 0.93233239  0.93593274]
 [ 3.42        0.44      ]
 [ 0.97433422  0.92129213]
 [ 0.19        1.8       ]
 [ 6.36       -5.45      ]
 [ 0.95935338  0.92254133]]
[ 1  4  0  3  2  5  6  7  8  9 10 11 12 13 14 15 16 17 18 19]   -------------------- --------------------------- index of rand_parents
0 [0.95940972 0.92256623]  * new pcx
0 [0.97030022 0.90809279]  new pcx
1 [0.95940662 0.92256486]  * new pcx
1 [0.94799365 0.94427355]  new pcx
[ 4  9  2  3  0  5  6  7  8  1 10 11 12 13 14 15 16 17 18 19]    -------------------------  ------------------------------------------------ self.parents
[[0.97030022 0.90809279]
 [0.94799365 0.94427355]
 [1.73       9.13      ]
 [3.42       0.44      ]]   -----------------------find parents sub_pop
[    0.11236945     0.21047279  3766.932541   12676.510496  ] ------------------------- find parents sp_fit
[0 1 2 3]  sort_population list
[[0.97030022 0.90809279]
 [0.94799365 0.94427355]
 [1.73       9.13      ]
 [3.42       0.44      ]]  sort_population sub_pop
[    0.11236945     0.21047279  3766.932541   12676.510496  ]  sort_population sp_fit
4 [0.97030022 0.90809279] 0.112369453044                                replaced                        @@
9 [0.94799365 0.94427355] 0.210472786193                                replaced                        @@
[[0.97030022 0.90809279]
 [0.94799365 0.94427355]
 [1.73       9.13      ]
 [3.42       0.44      ]]   replace_parents sub_pop
[    0.11236945     0.21047279  3766.932541   12676.510496  ]  replace_parents sp_fit
[     0.078125        0.00212845    530.126496     1091.942176
      0.11236945      0.00219198  49081.869856        0.078125
      0.00630366      0.21047279   3766.932541   125949.083125
  93750.898741   835523.332981        0.44932207  12676.510496
      0.07925517    311.790421   210706.057616        0.00212845]  fitness
[    0.11236945     0.21047279  3766.932541   12676.510496  ]  sp_fit
[     0.078125        0.00212845    530.126496     1091.942176
      0.11236945      0.00219198  49081.869856        0.078125
      0.00630366      0.21047279   3766.932541   125949.083125
  93750.898741   835523.332981        0.44932207  12676.510496
      0.07925517    311.790421   210706.057616        0.00212845]  fitness -------------- ** 
62 0.00212844996707 1  best sol         ---------------   ** ---------------** --
[[ 0.95        0.93      ]
 [ 0.95935338  0.92254133]
 [-1.94        1.48      ]
 [-1.82        0.02      ]
 [ 0.97030022  0.90809279]
 [ 0.95933249  0.92263858]
 [ 4.54       -1.54      ]
 [ 0.95        0.93      ]
 [ 0.96370307  0.92166231]
 [ 0.94799365  0.94427355]
 [ 1.73        9.13      ]
 [-5.95       -0.08      ]
 [-5.39       -1.56      ]
 [-9.53       -0.58      ]
 [ 0.93233239  0.93593274]
 [ 3.42        0.44      ]
 [ 0.97433422  0.92129213]
 [ 0.19        1.8       ]
 [ 6.36       -5.45      ]
 [ 0.95935338  0.92254133]]
[ 1 19  6  3  4  5  2  7  8  9 10 11 12 13 14 15 16 17 18  0]   -------------------- --------------------------- index of rand_parents
Points are very close to each other. Quitting this run
Division by zero
0 [0.95935338 0.92254133]  * new pcx
0 [0.96734549 0.91232169]  new pcx
Points are very close to each other. Quitting this run
Division by zero
1 [0.95935338 0.92254133]  * new pcx
1 [0.94722413 0.91407588]  new pcx
[17  9  2  3  4  5  6  7  8  1 10 11 12 13 14 15 16  0 18 19]    -------------------------  ------------------------------------------------ self.parents
[[ 0.96734549  0.91232169]
 [ 0.94722413  0.91407588]
 [-1.94        1.48      ]
 [ 0.97433422  0.92129213]]   -----------------------find parents sub_pop
[  0.0559891    0.03115171 530.126496     0.07925517] ------------------------- find parents sp_fit
[0 1 2 3]  sort_population list
[[ 0.96734549  0.91232169]
 [ 0.94722413  0.91407588]
 [-1.94        1.48      ]
 [ 0.97433422  0.92129213]]  sort_population sub_pop
[  0.0559891    0.03115171 530.126496     0.07925517]  sort_population sp_fit
17 [0.94722413 0.91407588] 0.0311517084349                                replaced                        @@
9 [0.96734549 0.91232169] 0.0559891047235                                replaced                        @@
[[ 0.96734549  0.91232169]
 [ 0.94722413  0.91407588]
 [-1.94        1.48      ]
 [ 0.97433422  0.92129213]]   replace_parents sub_pop
[  0.0559891    0.03115171 530.126496     0.07925517]  replace_parents sp_fit
[     0.078125        0.00212845    530.126496     1091.942176
      0.11236945      0.00219198  49081.869856        0.078125
      0.00630366      0.0559891    3766.932541   125949.083125
  93750.898741   835523.332981        0.44932207  12676.510496
      0.07925517      0.03115171 210706.057616        0.00212845]  fitness
[  0.0559891    0.03115171 530.126496     0.07925517]  sp_fit
[     0.078125        0.00212845    530.126496     1091.942176
      0.11236945      0.00219198  49081.869856        0.078125
      0.00630366      0.0559891    3766.932541   125949.083125
  93750.898741   835523.332981        0.44932207  12676.510496
      0.07925517      0.03115171 210706.057616        0.00212845]  fitness -------------- ** 
68 0.00212844996707 1  best sol         ---------------   ** ---------------** --
[[ 0.95        0.93      ]
 [ 0.95935338  0.92254133]
 [-1.94        1.48      ]
 [-1.82        0.02      ]
 [ 0.97030022  0.90809279]
 [ 0.95933249  0.92263858]
 [ 4.54       -1.54      ]
 [ 0.95        0.93      ]
 [ 0.96370307  0.92166231]
 [ 0.96734549  0.91232169]
 [ 1.73        9.13      ]
 [-5.95       -0.08      ]
 [-5.39       -1.56      ]
 [-9.53       -0.58      ]
 [ 0.93233239  0.93593274]
 [ 3.42        0.44      ]
 [ 0.97433422  0.92129213]
 [ 0.94722413  0.91407588]
 [ 6.36       -5.45      ]
 [ 0.95935338  0.92254133]]
[ 1  6  8  3  4  5  0  7  2  9 10 11 12 13 14 15 16 17 18 19]   -------------------- --------------------------- index of rand_parents
0 [0.95935583 0.92254491]  * new pcx
0 [0.9542268  0.92693917]  new pcx
1 [0.95934341 0.92252684]  * new pcx
1 [0.96601808 0.91015338]  new pcx
[18  9  2  3  4  5  6  7  8  1 10 11 12 13 14 15 16 17  0 19]    -------------------------  ------------------------------------------------ self.parents
[[ 0.9542268   0.92693917]
 [ 0.96601808  0.91015338]
 [ 6.36       -5.45      ]
 [-9.53       -0.58      ]]   -----------------------find parents sub_pop
[     0.02895963      0.05422763 210706.057616   835523.332981  ] ------------------------- find parents sp_fit
[0 1 2 3]  sort_population list
[[ 0.9542268   0.92693917]
 [ 0.96601808  0.91015338]
 [ 6.36       -5.45      ]
 [-9.53       -0.58      ]]  sort_population sub_pop
[     0.02895963      0.05422763 210706.057616   835523.332981  ]  sort_population sp_fit
18 [0.9542268  0.92693917] 0.0289596291546                                replaced                        @@
9 [0.96601808 0.91015338] 0.0542276334784                                replaced                        @@
[[ 0.9542268   0.92693917]
 [ 0.96601808  0.91015338]
 [ 6.36       -5.45      ]
 [-9.53       -0.58      ]]   replace_parents sub_pop
[     0.02895963      0.05422763 210706.057616   835523.332981  ]  replace_parents sp_fit
[     0.078125        0.00212845    530.126496     1091.942176
      0.11236945      0.00219198  49081.869856        0.078125
      0.00630366      0.05422763   3766.932541   125949.083125
  93750.898741   835523.332981        0.44932207  12676.510496
      0.07925517      0.03115171      0.02895963      0.00212845]  fitness
[     0.02895963      0.05422763 210706.057616   835523.332981  ]  sp_fit
[     0.078125        0.00212845    530.126496     1091.942176
      0.11236945      0.00219198  49081.869856        0.078125
      0.00630366      0.05422763   3766.932541   125949.083125
  93750.898741   835523.332981        0.44932207  12676.510496
      0.07925517      0.03115171      0.02895963      0.00212845]  fitness -------------- ** 
74 0.00212844996707 1  best sol         ---------------   ** ---------------** --
[[ 0.95        0.93      ]
 [ 0.95935338  0.92254133]
 [-1.94        1.48      ]
 [-1.82        0.02      ]
 [ 0.97030022  0.90809279]
 [ 0.95933249  0.92263858]
 [ 4.54       -1.54      ]
 [ 0.95        0.93      ]
 [ 0.96370307  0.92166231]
 [ 0.96601808  0.91015338]
 [ 1.73        9.13      ]
 [-5.95       -0.08      ]
 [-5.39       -1.56      ]
 [-9.53       -0.58      ]
 [ 0.93233239  0.93593274]
 [ 3.42        0.44      ]
 [ 0.97433422  0.92129213]
 [ 0.94722413  0.91407588]
 [ 0.9542268   0.92693917]
 [ 0.95935338  0.92254133]]
[ 1  0 13  3  4  5  6  7  8  9 10 11 12  2 14 15 16 17 18 19]   -------------------- --------------------------- index of rand_parents
0 [0.95934302 0.92261406]  * new pcx
0 [0.95197927 0.93536184]  new pcx
1 [0.95933428 0.92267542]  * new pcx
1 [0.95975322 0.92534276]  new pcx
[ 4 19  2  3  0  5  6  7  8  9 10 11 12 13 14 15 16 17 18  1]    -------------------------  ------------------------------------------------ self.parents
[[0.95197927 0.93536184]
 [0.95975322 0.92534276]
 [0.97433422 0.92129213]
 [0.9542268  0.92693917]]   -----------------------find parents sub_pop
[0.08697136 0.00339769 0.07925517 0.02895963] ------------------------- find parents sp_fit
[0 1 2 3]  sort_population list
[[0.95197927 0.93536184]
 [0.95975322 0.92534276]
 [0.97433422 0.92129213]
 [0.9542268  0.92693917]]  sort_population sub_pop
[0.08697136 0.00339769 0.07925517 0.02895963]  sort_population sp_fit
4 [0.95975322 0.92534276] 0.00339769458193                                replaced                        @@
19 [0.9542268  0.92693917] 0.0289596291546                                replaced                        @@
[[0.95197927 0.93536184]
 [0.95975322 0.92534276]
 [0.97433422 0.92129213]
 [0.9542268  0.92693917]]   replace_parents sub_pop
[0.08697136 0.00339769 0.07925517 0.02895963]  replace_parents sp_fit
[     0.078125        0.00212845    530.126496     1091.942176
      0.00339769      0.00219198  49081.869856        0.078125
      0.00630366      0.05422763   3766.932541   125949.083125
  93750.898741   835523.332981        0.44932207  12676.510496
      0.07925517      0.03115171      0.02895963      0.02895963]  fitness
[0.08697136 0.00339769 0.07925517 0.02895963]  sp_fit
[     0.078125        0.00212845    530.126496     1091.942176
      0.00339769      0.00219198  49081.869856        0.078125
      0.00630366      0.05422763   3766.932541   125949.083125
  93750.898741   835523.332981        0.44932207  12676.510496
      0.07925517      0.03115171      0.02895963      0.02895963]  fitness -------------- ** 
80 0.00212844996707 1  best sol         ---------------   ** ---------------** --
[[ 0.95        0.93      ]
 [ 0.95935338  0.92254133]
 [-1.94        1.48      ]
 [-1.82        0.02      ]
 [ 0.95975322  0.92534276]
 [ 0.95933249  0.92263858]
 [ 4.54       -1.54      ]
 [ 0.95        0.93      ]
 [ 0.96370307  0.92166231]
 [ 0.96601808  0.91015338]
 [ 1.73        9.13      ]
 [-5.95       -0.08      ]
 [-5.39       -1.56      ]
 [-9.53       -0.58      ]
 [ 0.93233239  0.93593274]
 [ 3.42        0.44      ]
 [ 0.97433422  0.92129213]
 [ 0.94722413  0.91407588]
 [ 0.9542268   0.92693917]
 [ 0.9542268   0.92693917]]
[ 1 17 14  3  4  5  6  7  8  9 10 11 12 13  2 15 16  0 18 19]   -------------------- --------------------------- index of rand_parents
0 [0.95935558 0.92255886]  * new pcx
0 [0.95959579 0.92257138]  new pcx
1 [0.95937006 0.92267396]  * new pcx
1 [0.95941992 0.92269423]  new pcx
[10  4  2  3  1  5  6  7  8  9  0 11 12 13 14 15 16 17 18 19]    -------------------------  ------------------------------------------------ self.parents
[[ 0.95959579  0.92257138]
 [ 0.95941992  0.92269423]
 [ 4.54       -1.54      ]
 [-5.39       -1.56      ]]   -----------------------find parents sub_pop
[    0.00193781     0.00213411 49081.869856   93750.898741  ] ------------------------- find parents sp_fit
[0 1 2 3]  sort_population list
[[ 0.95959579  0.92257138]
 [ 0.95941992  0.92269423]
 [ 4.54       -1.54      ]
 [-5.39       -1.56      ]]  sort_population sub_pop
[    0.00193781     0.00213411 49081.869856   93750.898741  ]  sort_population sp_fit
10 [0.95959579 0.92257138] 0.0019378067539                                replaced                        @@
4 [0.95941992 0.92269423] 0.00213410936014                                replaced                        @@
[[ 0.95959579  0.92257138]
 [ 0.95941992  0.92269423]
 [ 4.54       -1.54      ]
 [-5.39       -1.56      ]]   replace_parents sub_pop
[    0.00193781     0.00213411 49081.869856   93750.898741  ]  replace_parents sp_fit
[     0.078125        0.00212845    530.126496     1091.942176
      0.00213411      0.00219198  49081.869856        0.078125
      0.00630366      0.05422763      0.00193781 125949.083125
  93750.898741   835523.332981        0.44932207  12676.510496
      0.07925517      0.03115171      0.02895963      0.02895963]  fitness
[    0.00193781     0.00213411 49081.869856   93750.898741  ]  sp_fit
[     0.078125        0.00212845    530.126496     1091.942176
      0.00213411      0.00219198  49081.869856        0.078125
      0.00630366      0.05422763      0.00193781 125949.083125
  93750.898741   835523.332981        0.44932207  12676.510496
      0.07925517      0.03115171      0.02895963      0.02895963]  fitness -------------- ** 
86 0.0019378067539 10  best sol         ---------------   ** ---------------** --
[[ 0.95        0.93      ]
 [ 0.95935338  0.92254133]
 [-1.94        1.48      ]
 [-1.82        0.02      ]
 [ 0.95941992  0.92269423]
 [ 0.95933249  0.92263858]
 [ 4.54       -1.54      ]
 [ 0.95        0.93      ]
 [ 0.96370307  0.92166231]
 [ 0.96601808  0.91015338]
 [ 0.95959579  0.92257138]
 [-5.95       -0.08      ]
 [-5.39       -1.56      ]
 [-9.53       -0.58      ]
 [ 0.93233239  0.93593274]
 [ 3.42        0.44      ]
 [ 0.97433422  0.92129213]
 [ 0.94722413  0.91407588]
 [ 0.9542268   0.92693917]
 [ 0.9542268   0.92693917]]
[10  4  5  3  1  2  6  7  8  9  0 11 12 13 14 15 16 17 18 19]   -------------------- --------------------------- index of rand_parents
0 [0.95959591 0.92257166]  * new pcx
0 [0.95959666 0.92257112]  new pcx
1 [0.95959574 0.92257126]  * new pcx
1 [0.95959523 0.92257211]  new pcx
[14  7  2  3  4  5  6  1  8  9 10 11 12 13  0 15 16 17 18 19]    -------------------------  ------------------------------------------------ self.parents
[[ 0.95959666  0.92257112]
 [ 0.95959523  0.92257211]
 [-9.53       -0.58      ]
 [ 0.96601808  0.91015338]]   -----------------------find parents sub_pop
[     0.00193706      0.00193848 835523.332981        0.05422763] ------------------------- find parents sp_fit
[0 1 2 3]  sort_population list
[[ 0.95959666  0.92257112]
 [ 0.95959523  0.92257211]
 [-9.53       -0.58      ]
 [ 0.96601808  0.91015338]]  sort_population sub_pop
[     0.00193706      0.00193848 835523.332981        0.05422763]  sort_population sp_fit
14 [0.95959666 0.92257112] 0.00193706027628                                replaced                        @@
7 [0.95959523 0.92257211] 0.00193848031737                                replaced                        @@
[[ 0.95959666  0.92257112]
 [ 0.95959523  0.92257211]
 [-9.53       -0.58      ]
 [ 0.96601808  0.91015338]]   replace_parents sub_pop
[     0.00193706      0.00193848 835523.332981        0.05422763]  replace_parents sp_fit
[     0.078125        0.00212845    530.126496     1091.942176
      0.00213411      0.00219198  49081.869856        0.00193848
      0.00630366      0.05422763      0.00193781 125949.083125
  93750.898741   835523.332981        0.00193706  12676.510496
      0.07925517      0.03115171      0.02895963      0.02895963]  fitness
[     0.00193706      0.00193848 835523.332981        0.05422763]  sp_fit
[     0.078125        0.00212845    530.126496     1091.942176
      0.00213411      0.00219198  49081.869856        0.00193848
      0.00630366      0.05422763      0.00193781 125949.083125
  93750.898741   835523.332981        0.00193706  12676.510496
      0.07925517      0.03115171      0.02895963      0.02895963]  fitness -------------- ** 
92 0.00193706027628 14  best sol         ---------------   ** ---------------** --
[[ 0.95        0.93      ]
 [ 0.95935338  0.92254133]
 [-1.94        1.48      ]
 [-1.82        0.02      ]
 [ 0.95941992  0.92269423]
 [ 0.95933249  0.92263858]
 [ 4.54       -1.54      ]
 [ 0.95959523  0.92257211]
 [ 0.96370307  0.92166231]
 [ 0.96601808  0.91015338]
 [ 0.95959579  0.92257138]
 [-5.95       -0.08      ]
 [-5.39       -1.56      ]
 [-9.53       -0.58      ]
 [ 0.95959666  0.92257112]
 [ 3.42        0.44      ]
 [ 0.97433422  0.92129213]
 [ 0.94722413  0.91407588]
 [ 0.9542268   0.92693917]
 [ 0.9542268   0.92693917]]
[14  5  6  3  4  1  2  7  8  9 10 11 12 13  0 15 16 17 18 19]   -------------------- --------------------------- index of rand_parents
0 [0.95959695 0.92257154]  * new pcx
0 [0.96515748 0.92230517]  new pcx
1 [0.95959653 0.92257093]  * new pcx
1 [0.95675408 0.91949451]  new pcx
[ 2  9  0  3  4  5  6  7  8  1 10 11 12 13 14 15 16 17 18 19]    -------------------------  ------------------------------------------------ self.parents
[[0.96515748 0.92230517]
 [0.95675408 0.91949451]
 [0.94722413 0.91407588]
 [0.96601808 0.91015338]]   -----------------------find parents sub_pop
[0.00972184 0.00356446 0.03115171 0.05422763] ------------------------- find parents sp_fit
[0 1 2 3]  sort_population list
[[0.96515748 0.92230517]
 [0.95675408 0.91949451]
 [0.94722413 0.91407588]
 [0.96601808 0.91015338]]  sort_population sub_pop
[0.00972184 0.00356446 0.03115171 0.05422763]  sort_population sp_fit
2 [0.95675408 0.91949451] 0.00356446418038                                replaced                        @@
9 [0.96515748 0.92230517] 0.00972183746528                                replaced                        @@
[[0.96515748 0.92230517]
 [0.95675408 0.91949451]
 [0.94722413 0.91407588]
 [0.96601808 0.91015338]]   replace_parents sub_pop
[0.00972184 0.00356446 0.03115171 0.05422763]  replace_parents sp_fit
[     0.078125        0.00212845      0.00356446   1091.942176
      0.00213411      0.00219198  49081.869856        0.00193848
      0.00630366      0.00972184      0.00193781 125949.083125
  93750.898741   835523.332981        0.00193706  12676.510496
      0.07925517      0.03115171      0.02895963      0.02895963]  fitness
[0.00972184 0.00356446 0.03115171 0.05422763]  sp_fit
[     0.078125        0.00212845      0.00356446   1091.942176
      0.00213411      0.00219198  49081.869856        0.00193848
      0.00630366      0.00972184      0.00193781 125949.083125
  93750.898741   835523.332981        0.00193706  12676.510496
      0.07925517      0.03115171      0.02895963      0.02895963]  fitness -------------- ** 
98 0.00193706027628 14  best sol         ---------------   ** ---------------** --
[[ 0.95        0.93      ]
 [ 0.95935338  0.92254133]
 [ 0.95675408  0.91949451]
 [-1.82        0.02      ]
 [ 0.95941992  0.92269423]
 [ 0.95933249  0.92263858]
 [ 4.54       -1.54      ]
 [ 0.95959523  0.92257211]
 [ 0.96370307  0.92166231]
 [ 0.96515748  0.92230517]
 [ 0.95959579  0.92257138]
 [-5.95       -0.08      ]
 [-5.39       -1.56      ]
 [-9.53       -0.58      ]
 [ 0.95959666  0.92257112]
 [ 3.42        0.44      ]
 [ 0.97433422  0.92129213]
 [ 0.94722413  0.91407588]
 [ 0.9542268   0.92693917]
 [ 0.9542268   0.92693917]]
[14  8 15  3  4  5  6  7  1  9 10 11 12 13  0  2 16 17 18 19]   -------------------- --------------------------- index of rand_parents
0 [0.95959661 0.92257086]  * new pcx
0 [0.96906933 0.92045126]  new pcx
1 [0.95959689 0.92257226]  * new pcx
1 [0.96967681 0.92136171]  new pcx
[ 5  2  1  3  4  0  6  7  8  9 10 11 12 13 14 15 16 17 18 19]    -------------------------  ------------------------------------------------ self.parents
[[0.96906933 0.92045126]
 [0.96967681 0.92136171]
 [0.96515748 0.92230517]
 [0.95675408 0.91949451]]   -----------------------find parents sub_pop
[0.03571694 0.0366836  0.00972184 0.00356446] ------------------------- find parents sp_fit
[0 1 2 3]  sort_population list
[[0.96906933 0.92045126]
 [0.96967681 0.92136171]
 [0.96515748 0.92230517]
 [0.95675408 0.91949451]]  sort_population sub_pop
[0.03571694 0.0366836  0.00972184 0.00356446]  sort_population sp_fit
5 [0.95675408 0.91949451] 0.00356446418038                                replaced                        @@
2 [0.96515748 0.92230517] 0.00972183746528                                replaced                        @@
[[0.96906933 0.92045126]
 [0.96967681 0.92136171]
 [0.96515748 0.92230517]
 [0.95675408 0.91949451]]   replace_parents sub_pop
[0.03571694 0.0366836  0.00972184 0.00356446]  replace_parents sp_fit
[     0.078125        0.00212845      0.00972184   1091.942176
      0.00213411      0.00356446  49081.869856        0.00193848
      0.00630366      0.00972184      0.00193781 125949.083125
  93750.898741   835523.332981        0.00193706  12676.510496
      0.07925517      0.03115171      0.02895963      0.02895963]  fitness
[0.03571694 0.0366836  0.00972184 0.00356446]  sp_fit
[     0.078125        0.00212845      0.00972184   1091.942176
      0.00213411      0.00356446  49081.869856        0.00193848
      0.00630366      0.00972184      0.00193781 125949.083125
  93750.898741   835523.332981        0.00193706  12676.510496
      0.07925517      0.03115171      0.02895963      0.02895963]  fitness -------------- ** 
104 0.00193706027628 14  best sol         ---------------   ** ---------------** --
[[ 0.95        0.93      ]
 [ 0.95935338  0.92254133]
 [ 0.96515748  0.92230517]
 [-1.82        0.02      ]
 [ 0.95941992  0.92269423]
 [ 0.95675408  0.91949451]
 [ 4.54       -1.54      ]
 [ 0.95959523  0.92257211]
 [ 0.96370307  0.92166231]
 [ 0.96515748  0.92230517]
 [ 0.95959579  0.92257138]
 [-5.95       -0.08      ]
 [-5.39       -1.56      ]
 [-9.53       -0.58      ]
 [ 0.95959666  0.92257112]
 [ 3.42        0.44      ]
 [ 0.97433422  0.92129213]
 [ 0.94722413  0.91407588]
 [ 0.9542268   0.92693917]
 [ 0.9542268   0.92693917]]
[14 18 11  3  4  5  6  7  8  9 10  2 12 13  0 15 16 17  1 19]   -------------------- --------------------------- index of rand_parents
0 [0.9595929  0.92259719]  * new pcx
0 [0.96983571 0.92369807]  new pcx
1 [0.95959478 0.9225842 ]  * new pcx
1 [0.94639213 0.91819409]  new pcx
[ 2  6  0  3  4  5  1  7  8  9 10 11 12 13 14 15 16 17 18 19]    -------------------------  ------------------------------------------------ self.parents
[[ 0.96983571  0.92369807]
 [ 0.94639213  0.91819409]
 [ 0.94722413  0.91407588]
 [-5.39       -1.56      ]]   -----------------------find parents sub_pop
[    0.02941421     0.05366104     0.03115171 93750.898741  ] ------------------------- find parents sp_fit
[0 1 2 3]  sort_population list
[[ 0.96983571  0.92369807]
 [ 0.94639213  0.91819409]
 [ 0.94722413  0.91407588]
 [-5.39       -1.56      ]]  sort_population sub_pop
[    0.02941421     0.05366104     0.03115171 93750.898741  ]  sort_population sp_fit
2 [0.96983571 0.92369807] 0.0294142070092                                replaced                        @@
6 [0.94722413 0.91407588] 0.0311517084349                                replaced                        @@
[[ 0.96983571  0.92369807]
 [ 0.94639213  0.91819409]
 [ 0.94722413  0.91407588]
 [-5.39       -1.56      ]]   replace_parents sub_pop
[    0.02941421     0.05366104     0.03115171 93750.898741  ]  replace_parents sp_fit
[     0.078125        0.00212845      0.02941421   1091.942176
      0.00213411      0.00356446      0.03115171      0.00193848
      0.00630366      0.00972184      0.00193781 125949.083125
  93750.898741   835523.332981        0.00193706  12676.510496
      0.07925517      0.03115171      0.02895963      0.02895963]  fitness
[    0.02941421     0.05366104     0.03115171 93750.898741  ]  sp_fit
[     0.078125        0.00212845      0.02941421   1091.942176
      0.00213411      0.00356446      0.03115171      0.00193848
      0.00630366      0.00972184      0.00193781 125949.083125
  93750.898741   835523.332981        0.00193706  12676.510496
      0.07925517      0.03115171      0.02895963      0.02895963]  fitness -------------- ** 
110 0.00193706027628 14  best sol         ---------------   ** ---------------** --
[[ 0.95        0.93      ]
 [ 0.95935338  0.92254133]
 [ 0.96983571  0.92369807]
 [-1.82        0.02      ]
 [ 0.95941992  0.92269423]
 [ 0.95675408  0.91949451]
 [ 0.94722413  0.91407588]
 [ 0.95959523  0.92257211]
 [ 0.96370307  0.92166231]
 [ 0.96515748  0.92230517]
 [ 0.95959579  0.92257138]
 [-5.95       -0.08      ]
 [-5.39       -1.56      ]
 [-9.53       -0.58      ]
 [ 0.95959666  0.92257112]
 [ 3.42        0.44      ]
 [ 0.97433422  0.92129213]
 [ 0.94722413  0.91407588]
 [ 0.9542268   0.92693917]
 [ 0.9542268   0.92693917]]
[14 13 12  3  4  5  6  7  8  9 10 11  2  1  0 15 16 17 18 19]   -------------------- --------------------------- index of rand_parents
0 [0.95930986 0.923783  ]  * new pcx
0 [1.05382895 0.91683061]  new pcx
1 [0.95974936 0.92192589]  * new pcx
1 [0.92907839 0.90054203]  new pcx
[ 0 17  2  3  4  5  6  7  8  9 10 11 12 13 14 15 16  1 18 19]    -------------------------  ------------------------------------------------ self.parents
[[1.05382895 0.91683061]
 [0.92907839 0.90054203]
 [0.94722413 0.91407588]
 [0.9542268  0.92693917]]   -----------------------find parents sub_pop
[3.75582904 0.14457221 0.03115171 0.02895963] ------------------------- find parents sp_fit
[0 1 2 3]  sort_population list
[[1.05382895 0.91683061]
 [0.92907839 0.90054203]
 [0.94722413 0.91407588]
 [0.9542268  0.92693917]]  sort_population sub_pop
[3.75582904 0.14457221 0.03115171 0.02895963]  sort_population sp_fit
0 [0.9542268  0.92693917] 0.0289596291546                                replaced                        @@
17 [0.94722413 0.91407588] 0.0311517084349                                replaced                        @@
[[1.05382895 0.91683061]
 [0.92907839 0.90054203]
 [0.94722413 0.91407588]
 [0.9542268  0.92693917]]   replace_parents sub_pop
[3.75582904 0.14457221 0.03115171 0.02895963]  replace_parents sp_fit
[     0.02895963      0.00212845      0.02941421   1091.942176
      0.00213411      0.00356446      0.03115171      0.00193848
      0.00630366      0.00972184      0.00193781 125949.083125
  93750.898741   835523.332981        0.00193706  12676.510496
      0.07925517      0.03115171      0.02895963      0.02895963]  fitness
[3.75582904 0.14457221 0.03115171 0.02895963]  sp_fit
[     0.02895963      0.00212845      0.02941421   1091.942176
      0.00213411      0.00356446      0.03115171      0.00193848
      0.00630366      0.00972184      0.00193781 125949.083125
  93750.898741   835523.332981        0.00193706  12676.510496
      0.07925517      0.03115171      0.02895963      0.02895963]  fitness -------------- ** 
116 0.00193706027628 14  best sol         ---------------   ** ---------------** --
[[ 0.9542268   0.92693917]
 [ 0.95935338  0.92254133]
 [ 0.96983571  0.92369807]
 [-1.82        0.02      ]
 [ 0.95941992  0.92269423]
 [ 0.95675408  0.91949451]
 [ 0.94722413  0.91407588]
 [ 0.95959523  0.92257211]
 [ 0.96370307  0.92166231]
 [ 0.96515748  0.92230517]
 [ 0.95959579  0.92257138]
 [-5.95       -0.08      ]
 [-5.39       -1.56      ]
 [-9.53       -0.58      ]
 [ 0.95959666  0.92257112]
 [ 3.42        0.44      ]
 [ 0.97433422  0.92129213]
 [ 0.94722413  0.91407588]
 [ 0.9542268   0.92693917]
 [ 0.9542268   0.92693917]]
[14  4 16  3  1  5  6  7  8  9 10 11 12 13  0 15  2 17 18 19]   -------------------- --------------------------- index of rand_parents
0 [0.95959675 0.92257216]  * new pcx
0 [0.95966214 0.92257847]  new pcx
1 [0.95959679 0.92257276]  * new pcx
1 [0.95964433 0.922572  ]  new pcx
[ 1 11  2  3  4  5  6  7  8  9 10  0 12 13 14 15 16 17 18 19]    -------------------------  ------------------------------------------------ self.parents
[[ 0.95966214  0.92257847]
 [ 0.95964433  0.922572  ]
 [ 0.95959666  0.92257112]
 [-5.95       -0.08      ]]   -----------------------find parents sub_pop
[     0.00189187      0.0019024       0.00193706 125949.083125  ] ------------------------- find parents sp_fit
[0 1 2 3]  sort_population list
[[ 0.95966214  0.92257847]
 [ 0.95964433  0.922572  ]
 [ 0.95959666  0.92257112]
 [-5.95       -0.08      ]]  sort_population sub_pop
[     0.00189187      0.0019024       0.00193706 125949.083125  ]  sort_population sp_fit
1 [0.95966214 0.92257847] 0.00189187029617                                replaced                        @@
11 [0.95964433 0.922572  ] 0.00190240299638                                replaced                        @@
[[ 0.95966214  0.92257847]
 [ 0.95964433  0.922572  ]
 [ 0.95959666  0.92257112]
 [-5.95       -0.08      ]]   replace_parents sub_pop
[     0.00189187      0.0019024       0.00193706 125949.083125  ]  replace_parents sp_fit
[     0.02895963      0.00189187      0.02941421   1091.942176
      0.00213411      0.00356446      0.03115171      0.00193848
      0.00630366      0.00972184      0.00193781      0.0019024
  93750.898741   835523.332981        0.00193706  12676.510496
      0.07925517      0.03115171      0.02895963      0.02895963]  fitness
[     0.00189187      0.0019024       0.00193706 125949.083125  ]  sp_fit
[     0.02895963      0.00189187      0.02941421   1091.942176
      0.00213411      0.00356446      0.03115171      0.00193848
      0.00630366      0.00972184      0.00193781      0.0019024
  93750.898741   835523.332981        0.00193706  12676.510496
      0.07925517      0.03115171      0.02895963      0.02895963]  fitness -------------- ** 
122 0.00189187029617 1  best sol         ---------------   ** ---------------** --
[[ 0.9542268   0.92693917]
 [ 0.95966214  0.92257847]
 [ 0.96983571  0.92369807]
 [-1.82        0.02      ]
 [ 0.95941992  0.92269423]
 [ 0.95675408  0.91949451]
 [ 0.94722413  0.91407588]
 [ 0.95959523  0.92257211]
 [ 0.96370307  0.92166231]
 [ 0.96515748  0.92230517]
 [ 0.95959579  0.92257138]
 [ 0.95964433  0.922572  ]
 [-5.39       -1.56      ]
 [-9.53       -0.58      ]
 [ 0.95959666  0.92257112]
 [ 3.42        0.44      ]
 [ 0.97433422  0.92129213]
 [ 0.94722413  0.91407588]
 [ 0.9542268   0.92693917]
 [ 0.9542268   0.92693917]]
[ 1 11 15  3  4  5  6  7  8  9 10  0 12 13 14  2 16 17 18 19]   -------------------- --------------------------- index of rand_parents
0 [0.95966214 0.92257848]  * new pcx
0 [0.95381755 0.92155843]  new pcx
1 [0.95966213 0.92257841]  * new pcx
1 [0.93676148 0.92424365]  new pcx
[13  9  2  3  4  5  6  7  8  1 10 11 12  0 14 15 16 17 18 19]    -------------------------  ------------------------------------------------ self.parents
[[0.95381755 0.92155843]
 [0.93676148 0.92424365]
 [0.95959523 0.92257211]
 [0.95964433 0.922572  ]]   -----------------------find parents sub_pop
[0.01603443 0.22228972 0.00193848 0.0019024 ] ------------------------- find parents sp_fit
[0 1 2 3]  sort_population list
[[0.95381755 0.92155843]
 [0.93676148 0.92424365]
 [0.95959523 0.92257211]
 [0.95964433 0.922572  ]]  sort_population sub_pop
[0.01603443 0.22228972 0.00193848 0.0019024 ]  sort_population sp_fit
13 [0.95964433 0.922572  ] 0.00190240299638                                replaced                        @@
9 [0.95959523 0.92257211] 0.00193848031737                                replaced                        @@
[[0.95381755 0.92155843]
 [0.93676148 0.92424365]
 [0.95959523 0.92257211]
 [0.95964433 0.922572  ]]   replace_parents sub_pop
[0.01603443 0.22228972 0.00193848 0.0019024 ]  replace_parents sp_fit
[    0.02895963     0.00189187     0.02941421  1091.942176
     0.00213411     0.00356446     0.03115171     0.00193848
     0.00630366     0.00193848     0.00193781     0.0019024
 93750.898741       0.0019024      0.00193706 12676.510496
     0.07925517     0.03115171     0.02895963     0.02895963]  fitness
[0.01603443 0.22228972 0.00193848 0.0019024 ]  sp_fit
[    0.02895963     0.00189187     0.02941421  1091.942176
     0.00213411     0.00356446     0.03115171     0.00193848
     0.00630366     0.00193848     0.00193781     0.0019024
 93750.898741       0.0019024      0.00193706 12676.510496
     0.07925517     0.03115171     0.02895963     0.02895963]  fitness -------------- ** 
128 0.00189187029617 1  best sol         ---------------   ** ---------------** --
[[ 0.9542268   0.92693917]
 [ 0.95966214  0.92257847]
 [ 0.96983571  0.92369807]
 [-1.82        0.02      ]
 [ 0.95941992  0.92269423]
 [ 0.95675408  0.91949451]
 [ 0.94722413  0.91407588]
 [ 0.95959523  0.92257211]
 [ 0.96370307  0.92166231]
 [ 0.95959523  0.92257211]
 [ 0.95959579  0.92257138]
 [ 0.95964433  0.922572  ]
 [-5.39       -1.56      ]
 [ 0.95964433  0.922572  ]
 [ 0.95959666  0.92257112]
 [ 3.42        0.44      ]
 [ 0.97433422  0.92129213]
 [ 0.94722413  0.91407588]
 [ 0.9542268   0.92693917]
 [ 0.9542268   0.92693917]]
[ 1  3  6  0  4  5  2  7  8  9 10 11 12 13 14 15 16 17 18 19]   -------------------- --------------------------- index of rand_parents
0 [0.95967129 0.92255044]  * new pcx
0 [0.95861582 0.9244262 ]  new pcx
1 [0.9596638  0.92257338]  * new pcx
1 [0.96958457 0.91839039]  new pcx
[16  3  2  1  4  5  6  7  8  9 10 11 12 13 14 15  0 17 18 19]    -------------------------  ------------------------------------------------ self.parents
[[ 0.95861582  0.9244262 ]
 [ 0.96958457  0.91839039]
 [-1.82        0.02      ]
 [ 0.9542268   0.92693917]]   -----------------------find parents sub_pop
[   0.00471778    0.04803076 1091.942176      0.02895963] ------------------------- find parents sp_fit
[0 1 2 3]  sort_population list
[[ 0.95861582  0.9244262 ]
 [ 0.96958457  0.91839039]
 [-1.82        0.02      ]
 [ 0.9542268   0.92693917]]  sort_population sub_pop
[   0.00471778    0.04803076 1091.942176      0.02895963]  sort_population sp_fit
16 [0.95861582 0.9244262 ] 0.00471778180744                                replaced                        @@
3 [0.9542268  0.92693917] 0.0289596291546                                replaced                        @@
[[ 0.95861582  0.9244262 ]
 [ 0.96958457  0.91839039]
 [-1.82        0.02      ]
 [ 0.9542268   0.92693917]]   replace_parents sub_pop
[   0.00471778    0.04803076 1091.942176      0.02895963]  replace_parents sp_fit
[    0.02895963     0.00189187     0.02941421     0.02895963
     0.00213411     0.00356446     0.03115171     0.00193848
     0.00630366     0.00193848     0.00193781     0.0019024
 93750.898741       0.0019024      0.00193706 12676.510496
     0.00471778     0.03115171     0.02895963     0.02895963]  fitness
[   0.00471778    0.04803076 1091.942176      0.02895963]  sp_fit
[    0.02895963     0.00189187     0.02941421     0.02895963
     0.00213411     0.00356446     0.03115171     0.00193848
     0.00630366     0.00193848     0.00193781     0.0019024
 93750.898741       0.0019024      0.00193706 12676.510496
     0.00471778     0.03115171     0.02895963     0.02895963]  fitness -------------- ** 
134 0.00189187029617 1  best sol         ---------------   ** ---------------** --
[[ 0.9542268   0.92693917]
 [ 0.95966214  0.92257847]
 [ 0.96983571  0.92369807]
 [ 0.9542268   0.92693917]
 [ 0.95941992  0.92269423]
 [ 0.95675408  0.91949451]
 [ 0.94722413  0.91407588]
 [ 0.95959523  0.92257211]
 [ 0.96370307  0.92166231]
 [ 0.95959523  0.92257211]
 [ 0.95959579  0.92257138]
 [ 0.95964433  0.922572  ]
 [-5.39       -1.56      ]
 [ 0.95964433  0.922572  ]
 [ 0.95959666  0.92257112]
 [ 3.42        0.44      ]
 [ 0.95861582  0.9244262 ]
 [ 0.94722413  0.91407588]
 [ 0.9542268   0.92693917]
 [ 0.9542268   0.92693917]]
[ 1 12 14  3  4  5  6  7  8  9 10 11  0 13  2 15 16 17 18 19]   -------------------- --------------------------- index of rand_parents
0 [0.95966216 0.92257842]  * new pcx
0 [0.99816959 0.92933966]  new pcx
1 [0.95966215 0.92257844]  * new pcx
1 [0.97790406 0.93235713]  new pcx
[ 8 13  2  3  4  5  6  7  0  9 10 11 12  1 14 15 16 17 18 19]    -------------------------  ------------------------------------------------ self.parents
[[0.99816959 0.92933966]
 [0.97790406 0.93235713]
 [0.95964433 0.922572  ]
 [0.95941992 0.92269423]]   -----------------------find parents sub_pop
[0.44894173 0.05779686 0.0019024  0.00213411] ------------------------- find parents sp_fit
[0 1 2 3]  sort_population list
[[0.99816959 0.92933966]
 [0.97790406 0.93235713]
 [0.95964433 0.922572  ]
 [0.95941992 0.92269423]]  sort_population sub_pop
[0.44894173 0.05779686 0.0019024  0.00213411]  sort_population sp_fit
8 [0.95964433 0.922572  ] 0.00190240299638                                replaced                        @@
13 [0.95941992 0.92269423] 0.00213410936014                                replaced                        @@
[[0.99816959 0.92933966]
 [0.97790406 0.93235713]
 [0.95964433 0.922572  ]
 [0.95941992 0.92269423]]   replace_parents sub_pop
[0.44894173 0.05779686 0.0019024  0.00213411]  replace_parents sp_fit
[    0.02895963     0.00189187     0.02941421     0.02895963
     0.00213411     0.00356446     0.03115171     0.00193848
     0.0019024      0.00193848     0.00193781     0.0019024
 93750.898741       0.00213411     0.00193706 12676.510496
     0.00471778     0.03115171     0.02895963     0.02895963]  fitness
[0.44894173 0.05779686 0.0019024  0.00213411]  sp_fit
[    0.02895963     0.00189187     0.02941421     0.02895963
     0.00213411     0.00356446     0.03115171     0.00193848
     0.0019024      0.00193848     0.00193781     0.0019024
 93750.898741       0.00213411     0.00193706 12676.510496
     0.00471778     0.03115171     0.02895963     0.02895963]  fitness -------------- ** 
140 0.00189187029617 1  best sol         ---------------   ** ---------------** --
[[ 0.9542268   0.92693917]
 [ 0.95966214  0.92257847]
 [ 0.96983571  0.92369807]
 [ 0.9542268   0.92693917]
 [ 0.95941992  0.92269423]
 [ 0.95675408  0.91949451]
 [ 0.94722413  0.91407588]
 [ 0.95959523  0.92257211]
 [ 0.95964433  0.922572  ]
 [ 0.95959523  0.92257211]
 [ 0.95959579  0.92257138]
 [ 0.95964433  0.922572  ]
 [-5.39       -1.56      ]
 [ 0.95941992  0.92269423]
 [ 0.95959666  0.92257112]
 [ 3.42        0.44      ]
 [ 0.95861582  0.9244262 ]
 [ 0.94722413  0.91407588]
 [ 0.9542268   0.92693917]
 [ 0.9542268   0.92693917]]
[ 1 17 16  3  4  5  6  7  8  9 10 11 12 13 14 15  2  0 18 19]   -------------------- --------------------------- index of rand_parents
0 [0.95965928 0.92258426]  * new pcx
0 [0.95964131 0.92258303]  new pcx
1 [0.95966704 0.92256854]  * new pcx
1 [0.95971386 0.92261024]  new pcx
[13  0  2  3  4  5  6  7  8  9 10 11 12  1 14 15 16 17 18 19]    -------------------------  ------------------------------------------------ self.parents
[[0.95964131 0.92258303]
 [0.95971386 0.92261024]
 [0.9542268  0.92693917]
 [0.9542268  0.92693917]]   -----------------------find parents sub_pop
[0.00190824 0.00186619 0.02895963 0.02895963] ------------------------- find parents sp_fit
[0 1 2 3]  sort_population list
[[0.95964131 0.92258303]
 [0.95971386 0.92261024]
 [0.9542268  0.92693917]
 [0.9542268  0.92693917]]  sort_population sub_pop
[0.00190824 0.00186619 0.02895963 0.02895963]  sort_population sp_fit
13 [0.95971386 0.92261024] 0.00186619388829                                replaced                        @@
0 [0.95964131 0.92258303] 0.00190824070711                                replaced                        @@
[[0.95964131 0.92258303]
 [0.95971386 0.92261024]
 [0.9542268  0.92693917]
 [0.9542268  0.92693917]]   replace_parents sub_pop
[0.00190824 0.00186619 0.02895963 0.02895963]  replace_parents sp_fit
[    0.00190824     0.00189187     0.02941421     0.02895963
     0.00213411     0.00356446     0.03115171     0.00193848
     0.0019024      0.00193848     0.00193781     0.0019024
 93750.898741       0.00186619     0.00193706 12676.510496
     0.00471778     0.03115171     0.02895963     0.02895963]  fitness
[0.00190824 0.00186619 0.02895963 0.02895963]  sp_fit
[    0.00190824     0.00189187     0.02941421     0.02895963
     0.00213411     0.00356446     0.03115171     0.00193848
     0.0019024      0.00193848     0.00193781     0.0019024
 93750.898741       0.00186619     0.00193706 12676.510496
     0.00471778     0.03115171     0.02895963     0.02895963]  fitness -------------- ** 
146 0.00186619388829 13  best sol         ---------------   ** ---------------** --
[[ 0.95964131  0.92258303]
 [ 0.95966214  0.92257847]
 [ 0.96983571  0.92369807]
 [ 0.9542268   0.92693917]
 [ 0.95941992  0.92269423]
 [ 0.95675408  0.91949451]
 [ 0.94722413  0.91407588]
 [ 0.95959523  0.92257211]
 [ 0.95964433  0.922572  ]
 [ 0.95959523  0.92257211]
 [ 0.95959579  0.92257138]
 [ 0.95964433  0.922572  ]
 [-5.39       -1.56      ]
 [ 0.95971386  0.92261024]
 [ 0.95959666  0.92257112]
 [ 3.42        0.44      ]
 [ 0.95861582  0.9244262 ]
 [ 0.94722413  0.91407588]
 [ 0.9542268   0.92693917]
 [ 0.9542268   0.92693917]]
[13 19 18  3  4  5  6  7  8  9 10 11 12  0 14 15 16 17  2  1]   -------------------- --------------------------- index of rand_parents
0 [0.95971386 0.92261024]  * new pcx
0 [0.95972098 0.92261549]  new pcx
1 [0.95971386 0.92261024]  * new pcx
1 [0.95972075 0.92255377]  new pcx
[ 0  8  2  3  4  5  6  7  1  9 10 11 12 13 14 15 16 17 18 19]    -------------------------  ------------------------------------------------ self.parents
[[0.95972098 0.92261549]
 [0.95972075 0.92255377]
 [0.94722413 0.91407588]
 [0.95964433 0.922572  ]]   -----------------------find parents sub_pop
[0.001863   0.00184438 0.03115171 0.0019024 ] ------------------------- find parents sp_fit
[0 1 2 3]  sort_population list
[[0.95972098 0.92261549]
 [0.95972075 0.92255377]
 [0.94722413 0.91407588]
 [0.95964433 0.922572  ]]  sort_population sub_pop
[0.001863   0.00184438 0.03115171 0.0019024 ]  sort_population sp_fit
0 [0.95972075 0.92255377] 0.00184438205509                                replaced                        @@
8 [0.95972098 0.92261549] 0.00186299832033                                replaced                        @@
[[0.95972098 0.92261549]
 [0.95972075 0.92255377]
 [0.94722413 0.91407588]
 [0.95964433 0.922572  ]]   replace_parents sub_pop
[0.001863   0.00184438 0.03115171 0.0019024 ]  replace_parents sp_fit
[    0.00184438     0.00189187     0.02941421     0.02895963
     0.00213411     0.00356446     0.03115171     0.00193848
     0.001863       0.00193848     0.00193781     0.0019024
 93750.898741       0.00186619     0.00193706 12676.510496
     0.00471778     0.03115171     0.02895963     0.02895963]  fitness
[0.001863   0.00184438 0.03115171 0.0019024 ]  sp_fit
[    0.00184438     0.00189187     0.02941421     0.02895963
     0.00213411     0.00356446     0.03115171     0.00193848
     0.001863       0.00193848     0.00193781     0.0019024
 93750.898741       0.00186619     0.00193706 12676.510496
     0.00471778     0.03115171     0.02895963     0.02895963]  fitness -------------- ** 
152 0.00184438205509 0  best sol         ---------------   ** ---------------** --
[[ 0.95972075  0.92255377]
 [ 0.95966214  0.92257847]
 [ 0.96983571  0.92369807]
 [ 0.9542268   0.92693917]
 [ 0.95941992  0.92269423]
 [ 0.95675408  0.91949451]
 [ 0.94722413  0.91407588]
 [ 0.95959523  0.92257211]
 [ 0.95972098  0.92261549]
 [ 0.95959523  0.92257211]
 [ 0.95959579  0.92257138]
 [ 0.95964433  0.922572  ]
 [-5.39       -1.56      ]
 [ 0.95971386  0.92261024]
 [ 0.95959666  0.92257112]
 [ 3.42        0.44      ]
 [ 0.95861582  0.9244262 ]
 [ 0.94722413  0.91407588]
 [ 0.9542268   0.92693917]
 [ 0.9542268   0.92693917]]
[ 0  7  3  2  4  5  6  1  8  9 10 11 12 13 14 15 16 17 18 19]   -------------------- --------------------------- index of rand_parents
0 [0.95972102 0.92255411]  * new pcx
0 [0.95967541 0.92254234]  new pcx
1 [0.95972037 0.92255329]  * new pcx
1 [0.95972452 0.92255882]  new pcx
[16  2  1  3  4  5  6  7  8  9 10 11 12 13 14 15  0 17 18 19]    -------------------------  ------------------------------------------------ self.parents
[[ 0.95967541  0.92254234]
 [ 0.95972452  0.92255882]
 [ 0.94722413  0.91407588]
 [-5.39       -1.56      ]]   -----------------------find parents sub_pop
[    0.00187114     0.00184343     0.03115171 93750.898741  ] ------------------------- find parents sp_fit
[0 1 2 3]  sort_population list
[[ 0.95967541  0.92254234]
 [ 0.95972452  0.92255882]
 [ 0.94722413  0.91407588]
 [-5.39       -1.56      ]]  sort_population sub_pop
[    0.00187114     0.00184343     0.03115171 93750.898741  ]  sort_population sp_fit
16 [0.95972452 0.92255882] 0.00184343035984                                replaced                        @@
2 [0.95967541 0.92254234] 0.00187113629548                                replaced                        @@
[[ 0.95967541  0.92254234]
 [ 0.95972452  0.92255882]
 [ 0.94722413  0.91407588]
 [-5.39       -1.56      ]]   replace_parents sub_pop
[    0.00187114     0.00184343     0.03115171 93750.898741  ]  replace_parents sp_fit
[    0.00184438     0.00189187     0.00187114     0.02895963
     0.00213411     0.00356446     0.03115171     0.00193848
     0.001863       0.00193848     0.00193781     0.0019024
 93750.898741       0.00186619     0.00193706 12676.510496
     0.00184343     0.03115171     0.02895963     0.02895963]  fitness
[    0.00187114     0.00184343     0.03115171 93750.898741  ]  sp_fit
[    0.00184438     0.00189187     0.00187114     0.02895963
     0.00213411     0.00356446     0.03115171     0.00193848
     0.001863       0.00193848     0.00193781     0.0019024
 93750.898741       0.00186619     0.00193706 12676.510496
     0.00184343     0.03115171     0.02895963     0.02895963]  fitness -------------- ** 
158 0.00184343035984 16  best sol         ---------------   ** ---------------** --
[[ 0.95972075  0.92255377]
 [ 0.95966214  0.92257847]
 [ 0.95967541  0.92254234]
 [ 0.9542268   0.92693917]
 [ 0.95941992  0.92269423]
 [ 0.95675408  0.91949451]
 [ 0.94722413  0.91407588]
 [ 0.95959523  0.92257211]
 [ 0.95972098  0.92261549]
 [ 0.95959523  0.92257211]
 [ 0.95959579  0.92257138]
 [ 0.95964433  0.922572  ]
 [-5.39       -1.56      ]
 [ 0.95971386  0.92261024]
 [ 0.95959666  0.92257112]
 [ 3.42        0.44      ]
 [ 0.95972452  0.92255882]
 [ 0.94722413  0.91407588]
 [ 0.9542268   0.92693917]
 [ 0.9542268   0.92693917]]
[16  8  1  3  4  5  6  7  2  9 10 11 12 13 14 15  0 17 18 19]   -------------------- --------------------------- index of rand_parents
0 [0.95972462 0.92255891]  * new pcx
0 [0.95972466 0.92255899]  new pcx
1 [0.95972469 0.92255897]  * new pcx
1 [0.95972461 0.9225588 ]  new pcx
[ 2 19  0  3  4  5  6  7  8  9 10 11 12 13 14 15 16 17 18  1]    -------------------------  ------------------------------------------------ self.parents
[[0.95972466 0.92255899]
 [0.95972461 0.9225588 ]
 [0.95967541 0.92254234]
 [0.95959523 0.92257211]]   -----------------------find parents sub_pop
[0.00184339 0.00184337 0.00187114 0.00193848] ------------------------- find parents sp_fit
[0 1 2 3]  sort_population list
[[0.95972466 0.92255899]
 [0.95972461 0.9225588 ]
 [0.95967541 0.92254234]
 [0.95959523 0.92257211]]  sort_population sub_pop
[0.00184339 0.00184337 0.00187114 0.00193848]  sort_population sp_fit
2 [0.95972461 0.9225588 ] 0.00184336760229                                replaced                        @@
19 [0.95972466 0.92255899] 0.00184339088518                                replaced                        @@
[[0.95972466 0.92255899]
 [0.95972461 0.9225588 ]
 [0.95967541 0.92254234]
 [0.95959523 0.92257211]]   replace_parents sub_pop
[0.00184339 0.00184337 0.00187114 0.00193848]  replace_parents sp_fit
[    0.00184438     0.00189187     0.00184337     0.02895963
     0.00213411     0.00356446     0.03115171     0.00193848
     0.001863       0.00193848     0.00193781     0.0019024
 93750.898741       0.00186619     0.00193706 12676.510496
     0.00184343     0.03115171     0.02895963     0.00184339]  fitness
[0.00184339 0.00184337 0.00187114 0.00193848]  sp_fit
[    0.00184438     0.00189187     0.00184337     0.02895963
     0.00213411     0.00356446     0.03115171     0.00193848
     0.001863       0.00193848     0.00193781     0.0019024
 93750.898741       0.00186619     0.00193706 12676.510496
     0.00184343     0.03115171     0.02895963     0.00184339]  fitness -------------- ** 
164 0.00184336760229 2  best sol         ---------------   ** ---------------** --
[[ 0.95972075  0.92255377]
 [ 0.95966214  0.92257847]
 [ 0.95972461  0.9225588 ]
 [ 0.9542268   0.92693917]
 [ 0.95941992  0.92269423]
 [ 0.95675408  0.91949451]
 [ 0.94722413  0.91407588]
 [ 0.95959523  0.92257211]
 [ 0.95972098  0.92261549]
 [ 0.95959523  0.92257211]
 [ 0.95959579  0.92257138]
 [ 0.95964433  0.922572  ]
 [-5.39       -1.56      ]
 [ 0.95971386  0.92261024]
 [ 0.95959666  0.92257112]
 [ 3.42        0.44      ]
 [ 0.95972452  0.92255882]
 [ 0.94722413  0.91407588]
 [ 0.9542268   0.92693917]
 [ 0.95972466  0.92255899]]
[ 2 12 19  3  4  5  6  7  8  9 10 11  1 13 14 15 16 17 18  0]   -------------------- --------------------------- index of rand_parents
0 [0.95972461 0.9225588 ]  * new pcx
0 [0.99310821 0.893213  ]  new pcx
1 [0.9597246  0.92255881]  * new pcx
1 [0.97704509 0.91881503]  new pcx
[ 9  2  1  3  4  5  6  7  8  0 10 11 12 13 14 15 16 17 18 19]    -------------------------  ------------------------------------------------ self.parents
[[0.99310821 0.893213  ]
 [0.97704509 0.91881503]
 [0.95971386 0.92261024]
 [0.95972452 0.92255882]]   -----------------------find parents sub_pop
[0.86589475 0.12870576 0.00186619 0.00184343] ------------------------- find parents sp_fit
[0 1 2 3]  sort_population list
[[0.99310821 0.893213  ]
 [0.97704509 0.91881503]
 [0.95971386 0.92261024]
 [0.95972452 0.92255882]]  sort_population sub_pop
[0.86589475 0.12870576 0.00186619 0.00184343]  sort_population sp_fit
9 [0.95972452 0.92255882] 0.00184343035984                                replaced                        @@
2 [0.95971386 0.92261024] 0.00186619388829                                replaced                        @@
[[0.99310821 0.893213  ]
 [0.97704509 0.91881503]
 [0.95971386 0.92261024]
 [0.95972452 0.92255882]]   replace_parents sub_pop
[0.86589475 0.12870576 0.00186619 0.00184343]  replace_parents sp_fit
[    0.00184438     0.00189187     0.00186619     0.02895963
     0.00213411     0.00356446     0.03115171     0.00193848
     0.001863       0.00184343     0.00193781     0.0019024
 93750.898741       0.00186619     0.00193706 12676.510496
     0.00184343     0.03115171     0.02895963     0.00184339]  fitness
[0.86589475 0.12870576 0.00186619 0.00184343]  sp_fit
[    0.00184438     0.00189187     0.00186619     0.02895963
     0.00213411     0.00356446     0.03115171     0.00193848
     0.001863       0.00184343     0.00193781     0.0019024
 93750.898741       0.00186619     0.00193706 12676.510496
     0.00184343     0.03115171     0.02895963     0.00184339]  fitness -------------- ** 
170 0.00184339088518 19  best sol         ---------------   ** ---------------** --
[[ 0.95972075  0.92255377]
 [ 0.95966214  0.92257847]
 [ 0.95971386  0.92261024]
 [ 0.9542268   0.92693917]
 [ 0.95941992  0.92269423]
 [ 0.95675408  0.91949451]
 [ 0.94722413  0.91407588]
 [ 0.95959523  0.92257211]
 [ 0.95972098  0.92261549]
 [ 0.95972452  0.92255882]
 [ 0.95959579  0.92257138]
 [ 0.95964433  0.922572  ]
 [-5.39       -1.56      ]
 [ 0.95971386  0.92261024]
 [ 0.95959666  0.92257112]
 [ 3.42        0.44      ]
 [ 0.95972452  0.92255882]
 [ 0.94722413  0.91407588]
 [ 0.9542268   0.92693917]
 [ 0.95972466  0.92255899]]
[19  7  3  2  4  5  6  1  8  9 10 11 12 13 14 15 16 17 18  0]   -------------------- --------------------------- index of rand_parents
0 [0.95972479 0.92255916]  * new pcx
0 [0.95975798 0.92256038]  new pcx
1 [0.95972398 0.92255812]  * new pcx
1 [0.95972445 0.92254911]  new pcx
[19  5  2  3  4  1  6  7  8  9 10 11 12 13 14 15 16 17 18  0]    -------------------------  ------------------------------------------------ self.parents
[[0.95975798 0.92256038]
 [0.95972445 0.92254911]
 [0.95959666 0.92257112]
 [0.95966214 0.92257847]]   -----------------------find parents sub_pop
[0.00182248 0.0018406  0.00193706 0.00189187] ------------------------- find parents sp_fit
[0 1 2 3]  sort_population list
[[0.95975798 0.92256038]
 [0.95972445 0.92254911]
 [0.95959666 0.92257112]
 [0.95966214 0.92257847]]  sort_population sub_pop
[0.00182248 0.0018406  0.00193706 0.00189187]  sort_population sp_fit
19 [0.95975798 0.92256038] 0.00182248072421                                replaced                        @@
5 [0.95972445 0.92254911] 0.00184059765794                                replaced                        @@
[[0.95975798 0.92256038]
 [0.95972445 0.92254911]
 [0.95959666 0.92257112]
 [0.95966214 0.92257847]]   replace_parents sub_pop
[0.00182248 0.0018406  0.00193706 0.00189187]  replace_parents sp_fit
[    0.00184438     0.00189187     0.00186619     0.02895963
     0.00213411     0.0018406      0.03115171     0.00193848
     0.001863       0.00184343     0.00193781     0.0019024
 93750.898741       0.00186619     0.00193706 12676.510496
     0.00184343     0.03115171     0.02895963     0.00182248]  fitness
[0.00182248 0.0018406  0.00193706 0.00189187]  sp_fit
[    0.00184438     0.00189187     0.00186619     0.02895963
     0.00213411     0.0018406      0.03115171     0.00193848
     0.001863       0.00184343     0.00193781     0.0019024
 93750.898741       0.00186619     0.00193706 12676.510496
     0.00184343     0.03115171     0.02895963     0.00182248]  fitness -------------- ** 
176 0.00182248072421 19  best sol         ---------------   ** ---------------** --
[[ 0.95972075  0.92255377]
 [ 0.95966214  0.92257847]
 [ 0.95971386  0.92261024]
 [ 0.9542268   0.92693917]
 [ 0.95941992  0.92269423]
 [ 0.95972445  0.92254911]
 [ 0.94722413  0.91407588]
 [ 0.95959523  0.92257211]
 [ 0.95972098  0.92261549]
 [ 0.95972452  0.92255882]
 [ 0.95959579  0.92257138]
 [ 0.95964433  0.922572  ]
 [-5.39       -1.56      ]
 [ 0.95971386  0.92261024]
 [ 0.95959666  0.92257112]
 [ 3.42        0.44      ]
 [ 0.95972452  0.92255882]
 [ 0.94722413  0.91407588]
 [ 0.9542268   0.92693917]
 [ 0.95975798  0.92256038]]
[19 15  4  3  2  5  6  7  8  9 10 11 12 13 14  1 16 17 18  0]   -------------------- --------------------------- index of rand_parents
0 [0.95975789 0.9225599 ]  * new pcx
0 [0.95571103 0.92481254]  new pcx
1 [0.95975805 0.92256073]  * new pcx
1 [0.96556884 0.92441406]  new pcx
[ 4  3  2  1  0  5  6  7  8  9 10 11 12 13 14 15 16 17 18 19]    -------------------------  ------------------------------------------------ self.parents
[[0.95571103 0.92481254]
 [0.96556884 0.92441406]
 [0.95966214 0.92257847]
 [0.95941992 0.92269423]]   -----------------------find parents sub_pop
[0.01502363 0.00744094 0.00189187 0.00213411] ------------------------- find parents sp_fit
[0 1 2 3]  sort_population list
[[0.95571103 0.92481254]
 [0.96556884 0.92441406]
 [0.95966214 0.92257847]
 [0.95941992 0.92269423]]  sort_population sub_pop
[0.01502363 0.00744094 0.00189187 0.00213411]  sort_population sp_fit
4 [0.95966214 0.92257847] 0.00189187029617                                replaced                        @@
3 [0.95941992 0.92269423] 0.00213410936014                                replaced                        @@
[[0.95571103 0.92481254]
 [0.96556884 0.92441406]
 [0.95966214 0.92257847]
 [0.95941992 0.92269423]]   replace_parents sub_pop
[0.01502363 0.00744094 0.00189187 0.00213411]  replace_parents sp_fit
[    0.00184438     0.00189187     0.00186619     0.00213411
     0.00189187     0.0018406      0.03115171     0.00193848
     0.001863       0.00184343     0.00193781     0.0019024
 93750.898741       0.00186619     0.00193706 12676.510496
     0.00184343     0.03115171     0.02895963     0.00182248]  fitness
[0.01502363 0.00744094 0.00189187 0.00213411]  sp_fit
[    0.00184438     0.00189187     0.00186619     0.00213411
     0.00189187     0.0018406      0.03115171     0.00193848
     0.001863       0.00184343     0.00193781     0.0019024
 93750.898741       0.00186619     0.00193706 12676.510496
     0.00184343     0.03115171     0.02895963     0.00182248]  fitness -------------- ** 
182 0.00182248072421 19  best sol         ---------------   ** ---------------** --
[[ 0.95972075  0.92255377]
 [ 0.95966214  0.92257847]
 [ 0.95971386  0.92261024]
 [ 0.95941992  0.92269423]
 [ 0.95966214  0.92257847]
 [ 0.95972445  0.92254911]
 [ 0.94722413  0.91407588]
 [ 0.95959523  0.92257211]
 [ 0.95972098  0.92261549]
 [ 0.95972452  0.92255882]
 [ 0.95959579  0.92257138]
 [ 0.95964433  0.922572  ]
 [-5.39       -1.56      ]
 [ 0.95971386  0.92261024]
 [ 0.95959666  0.92257112]
 [ 3.42        0.44      ]
 [ 0.95972452  0.92255882]
 [ 0.94722413  0.91407588]
 [ 0.9542268   0.92693917]
 [ 0.95975798  0.92256038]]
[19  2 18  3  4  5  6  7  8  9 10 11 12 13 14 15 16 17  1  0]   -------------------- --------------------------- index of rand_parents
0 [0.95975804 0.92256045]  * new pcx
0 [0.9597425  0.92256129]  new pcx
1 [0.95975805 0.92256046]  * new pcx
1 [0.95976151 0.92255747]  new pcx
[12  9  2  3  4  5  6  7  8  1 10 11  0 13 14 15 16 17 18 19]    -------------------------  ------------------------------------------------ self.parents
[[0.9597425  0.92256129]
 [0.95976151 0.92255747]
 [0.95972445 0.92254911]
 [0.95971386 0.92261024]]   -----------------------find parents sub_pop
[0.00183255 0.00181945 0.0018406  0.00186619] ------------------------- find parents sp_fit
[0 1 2 3]  sort_population list
[[0.9597425  0.92256129]
 [0.95976151 0.92255747]
 [0.95972445 0.92254911]
 [0.95971386 0.92261024]]  sort_population sub_pop
[0.00183255 0.00181945 0.0018406  0.00186619]  sort_population sp_fit
12 [0.95976151 0.92255747] 0.00181945115696                                replaced                        @@
9 [0.9597425  0.92256129] 0.00183255225773                                replaced                        @@
[[0.9597425  0.92256129]
 [0.95976151 0.92255747]
 [0.95972445 0.92254911]
 [0.95971386 0.92261024]]   replace_parents sub_pop
[0.00183255 0.00181945 0.0018406  0.00186619]  replace_parents sp_fit
[    0.00184438     0.00189187     0.00186619     0.00213411
     0.00189187     0.0018406      0.03115171     0.00193848
     0.001863       0.00183255     0.00193781     0.0019024
     0.00181945     0.00186619     0.00193706 12676.510496
     0.00184343     0.03115171     0.02895963     0.00182248]  fitness
[0.00183255 0.00181945 0.0018406  0.00186619]  sp_fit
[    0.00184438     0.00189187     0.00186619     0.00213411
     0.00189187     0.0018406      0.03115171     0.00193848
     0.001863       0.00183255     0.00193781     0.0019024
     0.00181945     0.00186619     0.00193706 12676.510496
     0.00184343     0.03115171     0.02895963     0.00182248]  fitness -------------- ** 
188 0.00181945115696 12  best sol         ---------------   ** ---------------** --
[[0.95972075 0.92255377]
 [0.95966214 0.92257847]
 [0.95971386 0.92261024]
 [0.95941992 0.92269423]
 [0.95966214 0.92257847]
 [0.95972445 0.92254911]
 [0.94722413 0.91407588]
 [0.95959523 0.92257211]
 [0.95972098 0.92261549]
 [0.9597425  0.92256129]
 [0.95959579 0.92257138]
 [0.95964433 0.922572  ]
 [0.95976151 0.92255747]
 [0.95971386 0.92261024]
 [0.95959666 0.92257112]
 [3.42       0.44      ]
 [0.95972452 0.92255882]
 [0.94722413 0.91407588]
 [0.9542268  0.92693917]
 [0.95975798 0.92256038]]
[12 19 16  3  4  5  6  7  8  9 10 11  0 13 14 15  2 17 18  1]   -------------------- --------------------------- index of rand_parents
0 [0.95976151 0.92255751]  * new pcx
0 [0.95976167 0.9225575 ]  new pcx
1 [0.9597615  0.92255744]  * new pcx
1 [0.95976162 0.92255743]  new pcx
[13  9  2  3  4  5  6  7  8  1 10 11 12  0 14 15 16 17 18 19]    -------------------------  ------------------------------------------------ self.parents
[[0.95976167 0.9225575 ]
 [0.95976162 0.92255743]
 [0.95959523 0.92257211]
 [0.95959666 0.92257112]]   -----------------------find parents sub_pop
[0.00181936 0.00181937 0.00193848 0.00193706] ------------------------- find parents sp_fit
[0 1 2 3]  sort_population list
[[0.95976167 0.9225575 ]
 [0.95976162 0.92255743]
 [0.95959523 0.92257211]
 [0.95959666 0.92257112]]  sort_population sub_pop
[0.00181936 0.00181937 0.00193848 0.00193706]  sort_population sp_fit
13 [0.95976167 0.9225575 ] 0.00181935772445                                replaced                        @@
9 [0.95976162 0.92255743] 0.00181936554865                                replaced                        @@
[[0.95976167 0.9225575 ]
 [0.95976162 0.92255743]
 [0.95959523 0.92257211]
 [0.95959666 0.92257112]]   replace_parents sub_pop
[0.00181936 0.00181937 0.00193848 0.00193706]  replace_parents sp_fit
[    0.00184438     0.00189187     0.00186619     0.00213411
     0.00189187     0.0018406      0.03115171     0.00193848
     0.001863       0.00181937     0.00193781     0.0019024
     0.00181945     0.00181936     0.00193706 12676.510496
     0.00184343     0.03115171     0.02895963     0.00182248]  fitness
[0.00181936 0.00181937 0.00193848 0.00193706]  sp_fit
[    0.00184438     0.00189187     0.00186619     0.00213411
     0.00189187     0.0018406      0.03115171     0.00193848
     0.001863       0.00181937     0.00193781     0.0019024
     0.00181945     0.00181936     0.00193706 12676.510496
     0.00184343     0.03115171     0.02895963     0.00182248]  fitness -------------- ** 
194 0.00181935772445 13  best sol         ---------------   ** ---------------** --
[[0.95972075 0.92255377]
 [0.95966214 0.92257847]
 [0.95971386 0.92261024]
 [0.95941992 0.92269423]
 [0.95966214 0.92257847]
 [0.95972445 0.92254911]
 [0.94722413 0.91407588]
 [0.95959523 0.92257211]
 [0.95972098 0.92261549]
 [0.95976162 0.92255743]
 [0.95959579 0.92257138]
 [0.95964433 0.922572  ]
 [0.95976151 0.92255747]
 [0.95976167 0.9225575 ]
 [0.95959666 0.92257112]
 [3.42       0.44      ]
 [0.95972452 0.92255882]
 [0.94722413 0.91407588]
 [0.9542268  0.92693917]
 [0.95975798 0.92256038]]
[13 14  0  3  4  5  6  7  8  9 10 11 12  2  1 15 16 17 18 19]   -------------------- --------------------------- index of rand_parents
0 [0.95976167 0.92255754]  * new pcx
0 [0.95976136 0.92255751]  new pcx
1 [0.95976167 0.92255752]  * new pcx
1 [0.95976264 0.92255751]  new pcx
[ 3 14  2  0  4  5  6  7  8  9 10 11 12 13  1 15 16 17 18 19]    -------------------------  ------------------------------------------------ self.parents
[[0.95976136 0.92255751]
 [0.95976264 0.92255751]
 [0.95972075 0.92255377]
 [0.95972098 0.92261549]]   -----------------------find parents sub_pop
[0.00181955 0.00181876 0.00184438 0.001863  ] ------------------------- find parents sp_fit
[0 1 2 3]  sort_population list
[[0.95976136 0.92255751]
 [0.95976264 0.92255751]
 [0.95972075 0.92255377]
 [0.95972098 0.92261549]]  sort_population sub_pop
[0.00181955 0.00181876 0.00184438 0.001863  ]  sort_population sp_fit
3 [0.95976264 0.92255751] 0.00181875779528                                replaced                        @@
14 [0.95976136 0.92255751] 0.001819553994                                replaced                        @@
[[0.95976136 0.92255751]
 [0.95976264 0.92255751]
 [0.95972075 0.92255377]
 [0.95972098 0.92261549]]   replace_parents sub_pop
[0.00181955 0.00181876 0.00184438 0.001863  ]  replace_parents sp_fit
[    0.00184438     0.00189187     0.00186619     0.00181876
     0.00189187     0.0018406      0.03115171     0.00193848
     0.001863       0.00181937     0.00193781     0.0019024
     0.00181945     0.00181936     0.00181955 12676.510496
     0.00184343     0.03115171     0.02895963     0.00182248]  fitness
[0.00181955 0.00181876 0.00184438 0.001863  ]  sp_fit
[    0.00184438     0.00189187     0.00186619     0.00181876
     0.00189187     0.0018406      0.03115171     0.00193848
     0.001863       0.00181937     0.00193781     0.0019024
     0.00181945     0.00181936     0.00181955 12676.510496
     0.00184343     0.03115171     0.02895963     0.00182248]  fitness -------------- ** 
200 0.00181875779528 3  best sol         ---------------   ** ---------------** --
[[0.95972075 0.92255377]
 [0.95966214 0.92257847]
 [0.95971386 0.92261024]
 [0.95976264 0.92255751]
 [0.95966214 0.92257847]
 [0.95972445 0.92254911]
 [0.94722413 0.91407588]
 [0.95959523 0.92257211]
 [0.95972098 0.92261549]
 [0.95976162 0.92255743]
 [0.95959579 0.92257138]
 [0.95964433 0.922572  ]
 [0.95976151 0.92255747]
 [0.95976167 0.9225575 ]
 [0.95976136 0.92255751]
 [3.42       0.44      ]
 [0.95972452 0.92255882]
 [0.94722413 0.91407588]
 [0.9542268  0.92693917]
 [0.95975798 0.92256038]]
[[0.95976136 0.92255751]
 [0.95976264 0.92255751]
 [0.95972075 0.92255377]
 [0.95972098 0.92261549]]   sub_pop
[0.95976264 0.92255751]  best sol                                         
[    0.00184438     0.00189187     0.00186619     0.00181876
     0.00189187     0.0018406      0.03115171     0.00193848
     0.001863       0.00181937     0.00193781     0.0019024
     0.00181945     0.00181936     0.00181955 12676.510496
     0.00184343     0.03115171     0.02895963     0.00182248]  fitness
