-0.81 -0.54 
3.91 0.26 
-0.17 -0.11 
2.49 -0.67 
-4.87 -0.82 
-0.25 -1.76 
0.61 -0.31 
3.38 2.44 
-4.34 3.31 
-0.68 -4.55 
-3.6 0.68 
3.8 -3.84 
-1.48 3.95 
-2.8 -4.76 
-1.44 -2.7 
2.57 2.34 
0.31 -1.44 
-1.35 1.72 
-3.94 -2.12 
-3.53 -3.1 
4.3 -1.86 
-4.18 1.31 
0.5 1.19 
0.78 2.85 
-0.95 1.54 
-4.48 0.03 
4.66 3.31 
2.01 2.22 
-3.73 2.15 
1.97 4.11 
-1.49 2.06 
4.63 -0.09 
1.92 -4.33 
4.94 -4.6 
1.58 -3.7 
2.69 0.73 
-3.77 2.63 
0.11 3.09 
3.33 -0.6 
-2.78 3.57 
2.5 -0.85 
2.19 -2.07 
1.46 -4.85 
-1.93 2.45 
-0.72 -4.61 
4.23 -4.03 
-4.54 -0.85 
4.55 -0.94 
-4.76 4.43 
4.13 -3.98 
-0.05 -3.92 
-1.79 3.39 
-4.5 4.63 
3.71 -0.17 
-1.92 -1.79 
2.89 -2.12 
4.8 0.54 
-1.92 -1.71 
-2.62 -2.2 
3.18 2.74 
-3.03 0.02 
4.22 4.37 
-2.85 1.92 
-1.97 -2.1 
-4.2 -2.92 
-3.6 2.46 
3.41 4.01 
2.29 3.99 
0.9 2.11 
1.02 4.34 
-4.13 -3.07 
3.4 1.11 
-2.01 -2.45 
2.67 0.14 
4.45 -4.34 
-0.01 -2.12 
2.49 -3.41 
-0.95 -4.9 
2.3 -0.9 
-1.98 -4.87 
-2.71 1.8 
-1.13 3.45 
-1.58 -4.36 
-1.45 -0.42 
0.28 -4.79 
1.68 3.2 
-2.47 -3.22 
1.98 -1.61 
3.58 -4.76 
-4.93 1.18 
2.17 -4.13 
0.16 2.41 
-3.99 -2.79 
-3.49 1.41 
1.03 1.61 
-3.69 -2.08 
-4.94 3.53 
1.77 1.97 
-4.79 -4.24 
-4.81 3.53 
0.25 -2.52 
-2.03 1.18 
-1.33 2.92 
0.64 3.26 
-1.6 -0.86 
1.44 -4.56 
-1.85 0.13 
0.23 1.7 
-1.27 3.97 
-4.93 -3.8 
4.33 -4.85 
0.53 -0.9 
-2.51 -0.73 
0.26 -2.28 
2.99 -1.02 
2.97 1.71 
1.6 2.39 
1.7 -2.48 
-0.89 4.08 
0.37 -2.68 
-0.45 -2.88 
2.1 2.66 
3.96 -3.15 
3.73 3.56 
-4.54 3.39 
-0.84 3.96 
3.85 0.0 
-0.22 0.58 
-0.25 0.8 
-1.5 -1.18 
2.71 -1.22 
-0.74 -0.06 
4.32 0.44 
0.12 -4.89 
-0.53 -2.38 
4.47 1.45 
-4.87 -2.48 
4.56 -0.3 
-1.48 -1.48 
-4.12 -2.3 
-4.7 -1.16 
3.05 -2.04 
-0.61 -1.34 
2.65 -0.78 
-3.13 0.15 
-1.34 3.4 
-2.12 0.12 
-3.6 4.55 
3.74 2.51 
-0.28 -4.34 
-4.06 3.27 
3.94 3.44 
-1.84 -0.5 
-0.08 3.48 
-4.98 -4.05 
-2.88 0.52 
-0.1 -1.22 
0.46 3.72 
-3.13 3.89 
-1.27 -4.66 
3.52 0.88 
2.37 2.17 
-0.98 2.59 
-2.64 -1.41 
3.78 -3.0 
-0.69 -4.4 
-3.32 -0.39 
1.36 2.98 
-3.89 -3.87 
1.44 0.05 
2.91 -4.85 
4.63 -4.72 
0.38 -0.82 
0.42 -0.78 
2.97 -1.64 
-4.95 -4.78 
-3.97 1.07 
1.24 -0.92 
2.24 -3.74 
-3.92 -0.52 
-3.05 3.24 
-4.12 3.66 
0.32 2.88 
3.04 -1.06 
-3.59 -3.2 
2.84 -3.38 
-4.43 2.35 
4.72 -3.15 
-4.04 3.78 
1.41 0.07 
0.08 -0.55 
1.15 -2.84 
-4.89 2.95 
1.77 3.44 
4.78 -0.64 
-3.67 0.3 
-0.31 0.29 
-2.19 1.8 
1.5 4.9 
-4.86 0.11 
